Bead-Spring Polymer molecule

60 atoms
59 bonds
Coords

1 0 0 0
2 0 0 1
3 0 0 2
4 0 0 3
5 0 0 4
6 0 0 5
7 0 0 6
8 0 0 7
9 0 0 8
10 0 0 9
11 0 0 10
12 0 0 11
13 0 0 12
14 0 0 13
15 0 0 14
16 0 0 15
17 0 0 16
18 0 0 17
19 0 0 18
20 0 0 19
21 0 0 20
22 0 0 21
23 0 0 22
24 0 0 23
25 0 0 24
26 0 0 25
27 0 0 26
28 0 0 27
29 0 0 28
30 0 0 29
31 0 0 30
32 0 0 31
33 0 0 32
34 0 0 33
35 0 0 34
36 0 0 35
37 0 0 36
38 0 0 37
39 0 0 38
40 0 0 39
41 0 0 40
42 0 0 41
43 0 0 42
44 0 0 43
45 0 0 44
46 0 0 45
47 0 0 46
48 0 0 47
49 0 0 48
50 0 0 49
51 0 0 50
52 0 0 51
53 0 0 52
54 0 0 53
55 0 0 54
56 0 0 55
57 0 0 56
58 0 0 57
59 0 0 58
60 0 0 59
Types

1 1
2 2
3 2
4 2
5 2
6 2
7 2
8 2
9 2
10 2
11 2
12 2
13 2
14 2
15 2
16 2
17 2
18 2
19 2
20 2
21 2
22 2
23 2
24 2
25 2
26 2
27 2
28 2
29 2
30 2
31 2
32 2
33 2
34 2
35 2
36 2
37 2
38 2
39 2
40 2
41 2
42 2
43 2
44 2
45 2
46 2
47 2
48 2
49 2
50 2
51 2
52 2
53 2
54 2
55 2
56 2
57 2
58 2
59 2
60 3
Bonds

1 1 1 2
2 1 2 3
3 1 3 4
4 1 4 5
5 1 5 6
6 1 6 7
7 1 7 8
8 1 8 9
9 1 9 10
10 1 10 11
11 1 11 12
12 1 12 13
13 1 13 14
14 1 14 15
15 1 15 16
16 1 16 17
17 1 17 18
18 1 18 19
19 1 19 20
20 1 20 21
21 1 21 22
22 1 22 23
23 1 23 24
24 1 24 25
25 1 25 26
26 1 26 27
27 1 27 28
28 1 28 29
29 1 29 30
30 1 30 31
31 1 31 32
32 1 32 33
33 1 33 34
34 1 34 35
35 1 35 36
36 1 36 37
37 1 37 38
38 1 38 39
39 1 39 40
40 1 40 41
41 1 41 42
42 1 42 43
43 1 43 44
44 1 44 45
45 1 45 46
46 1 46 47
47 1 47 48
48 1 48 49
49 1 49 50
50 1 50 51
51 1 51 52
52 1 52 53
53 1 53 54
54 1 54 55
55 1 55 56
56 1 56 57
57 1 57 58
58 1 58 59
59 1 59 60
Special Bond Counts

1 1 0 0
2 2 0 0
3 2 0 0
4 2 0 0
5 2 0 0
6 2 0 0
7 2 0 0
8 2 0 0
9 2 0 0
10 2 0 0
11 2 0 0
12 2 0 0
13 2 0 0
14 2 0 0
15 2 0 0
16 2 0 0
17 2 0 0
18 2 0 0
19 2 0 0
20 2 0 0
21 2 0 0
22 2 0 0
23 2 0 0
24 2 0 0
25 2 0 0
26 2 0 0
27 2 0 0
28 2 0 0
29 2 0 0
30 2 0 0
31 2 0 0
32 2 0 0
33 2 0 0
34 2 0 0
35 2 0 0
36 2 0 0
37 2 0 0
38 2 0 0
39 2 0 0
40 2 0 0
41 2 0 0
42 2 0 0
43 2 0 0
44 2 0 0
45 2 0 0
46 2 0 0
47 2 0 0
48 2 0 0
49 2 0 0
50 2 0 0
51 2 0 0
52 2 0 0
53 2 0 0
54 2 0 0
55 2 0 0
56 2 0 0
57 2 0 0
58 2 0 0
59 2 0 0
60 1 0 0
Special Bonds

1 2
2 1 3
3 2 4
4 3 5
5 4 6
6 5 7
7 6 8
8 7 9
9 8 10
10 9 11
11 10 12
12 11 13
13 12 14
14 13 15
15 14 16
16 15 17
17 16 18
18 17 19
19 18 20
20 19 21
21 20 22
22 21 23
23 22 24
24 23 25
25 24 26
26 25 27
27 26 28
28 27 29
29 28 30
30 29 31
31 30 32
32 31 33
33 32 34
34 33 35
35 34 36
36 35 37
37 36 38
38 37 39
39 38 40
40 39 41
41 40 42
42 41 43
43 42 44
44 43 45
45 44 46
46 45 47
47 46 48
48 47 49
49 48 50
50 49 51
51 50 52
52 51 53
53 52 54
54 53 55
55 54 56
56 55 57
57 56 58
58 57 59
59 58 60
60 59
