# Time-averaged data for fix aveRg
# TimeStep c_Rg
20000 24.7015
30000 23.8831
40000 23.2328
50000 22.7758
60000 22.4204
70000 22.0847
80000 21.7297
90000 21.4213
100000 21.1289
110000 20.8876
120000 20.6051
130000 20.3329
140000 20.1045
150000 19.8638
160000 19.6342
170000 19.4149
180000 19.2263
190000 19.0351
200000 18.8368
210000 18.6594
220000 18.487
230000 18.3288
240000 18.1831
250000 18.0267
260000 17.8683
270000 17.71
280000 17.5564
290000 17.4059
300000 17.2683
310000 17.1359
320000 17.0002
330000 16.8536
340000 16.7123
350000 16.5762
360000 16.4538
370000 16.3312
380000 16.2147
390000 16.0913
400000 15.9727
410000 15.863
420000 15.759
430000 15.6646
440000 15.5773
450000 15.4964
460000 15.4168
470000 15.3357
480000 15.2589
490000 15.1805
500000 15.1117
510000 15.0511
520000 14.9953
530000 14.9389
540000 14.8821
550000 14.8249
560000 14.764
570000 14.7064
580000 14.6509
590000 14.5966
600000 14.5383
610000 14.4848
620000 14.4382
630000 14.3985
640000 14.3583
650000 14.3229
660000 14.2833
670000 14.2375
680000 14.1876
690000 14.1369
700000 14.0902
710000 14.0491
720000 14.0113
730000 13.9727
740000 13.9314
750000 13.8866
760000 13.8462
770000 13.8087
780000 13.7732
790000 13.7412
800000 13.7128
810000 13.6796
820000 13.6427
830000 13.605
840000 13.5658
850000 13.5285
860000 13.4923
870000 13.4576
880000 13.4244
890000 13.3914
900000 13.3589
910000 13.3268
920000 13.2956
930000 13.2657
940000 13.2359
950000 13.201
960000 13.1634
970000 13.1251
980000 13.0866
990000 13.0449
1000000 13.004
1010000 12.9657
1020000 12.926
1030000 12.8889
1040000 12.8523
1050000 12.8153
1060000 12.7792
1070000 12.7436
1080000 12.7074
1090000 12.6718
1100000 12.6358
1110000 12.6029
1120000 12.5705
1130000 12.539
1140000 12.5091
1150000 12.4777
1160000 12.443
1170000 12.4092
1180000 12.3777
1190000 12.3444
1200000 12.3124
1210000 12.28
1220000 12.247
1230000 12.2128
1240000 12.1798
1250000 12.1468
1260000 12.1132
1270000 12.0803
1280000 12.0473
1290000 12.0128
1300000 11.9786
1310000 11.9469
1320000 11.9135
1330000 11.8783
1340000 11.8415
1350000 11.8054
1360000 11.7671
1370000 11.7299
1380000 11.6949
1390000 11.6615
1400000 11.6278
1410000 11.5931
1420000 11.559
1430000 11.5258
1440000 11.4933
1450000 11.4608
1460000 11.4282
1470000 11.3947
1480000 11.3621
1490000 11.33
1500000 11.3001
1510000 11.272
1520000 11.2428
1530000 11.2125
1540000 11.179
1550000 11.1457
1560000 11.1133
1570000 11.0817
1580000 11.0507
1590000 11.0212
1600000 10.9918
1610000 10.9618
1620000 10.9309
1630000 10.8993
1640000 10.8656
1650000 10.831
1660000 10.7964
1670000 10.7598
1680000 10.7242
1690000 10.692
1700000 10.6618
1710000 10.6323
1720000 10.6021
1730000 10.5733
1740000 10.5446
1750000 10.5155
1760000 10.4876
1770000 10.4621
1780000 10.4388
1790000 10.4147
1800000 10.3909
1810000 10.3676
1820000 10.3432
1830000 10.3164
1840000 10.2899
1850000 10.2647
1860000 10.2399
1870000 10.215
1880000 10.1892
1890000 10.1652
1900000 10.1422
1910000 10.1195
1920000 10.0975
1930000 10.077
1940000 10.0542
1950000 10.0309
1960000 10.0083
1970000 9.98729
1980000 9.96823
1990000 9.94971
2000000 9.93093
2010000 9.91221
2020000 9.89341
2030000 9.87482
2040000 9.85667
2050000 9.83863
2060000 9.82013
2070000 9.80046
2080000 9.78271
2090000 9.76546
2100000 9.75002
2110000 9.73487
2120000 9.7198
2130000 9.70183
2140000 9.68554
2150000 9.67012
2160000 9.65497
2170000 9.63945
2180000 9.6246
2190000 9.60899
2200000 9.59289
2210000 9.57684
2220000 9.56006
2230000 9.54374
2240000 9.52783
2250000 9.51195
2260000 9.49682
2270000 9.48278
2280000 9.46833
2290000 9.45245
2300000 9.43696
2310000 9.42247
2320000 9.40672
2330000 9.39217
2340000 9.37751
2350000 9.36283
2360000 9.34736
2370000 9.33163
2380000 9.31509
2390000 9.29853
2400000 9.28362
2410000 9.26736
2420000 9.24969
2430000 9.23247
2440000 9.21585
2450000 9.19902
2460000 9.18211
2470000 9.16476
2480000 9.14818
2490000 9.13187
2500000 9.11572
2510000 9.09965
2520000 9.08404
2530000 9.06818
2540000 9.05226
2550000 9.03702
2560000 9.02371
2570000 9.0101
2580000 8.9955
2590000 8.98217
2600000 8.96893
2610000 8.95452
2620000 8.94107
2630000 8.92735
2640000 8.91259
2650000 8.8982
2660000 8.8843
2670000 8.8703
2680000 8.85567
2690000 8.84153
2700000 8.82775
2710000 8.81419
2720000 8.79992
2730000 8.78468
2740000 8.77021
2750000 8.75534
2760000 8.74011
2770000 8.72676
2780000 8.71412
2790000 8.70248
2800000 8.69204
2810000 8.68285
2820000 8.67386
2830000 8.66385
2840000 8.6534
2850000 8.64298
2860000 8.63449
2870000 8.62523
2880000 8.61596
2890000 8.60709
2900000 8.5985
2910000 8.5896
2920000 8.57994
2930000 8.5699
2940000 8.55972
2950000 8.54912
2960000 8.53863
2970000 8.52902
2980000 8.52005
2990000 8.51207
3000000 8.50623
3010000 8.50122
3020000 8.49682
3030000 8.49256
3040000 8.4884
3050000 8.48326
3060000 8.47783
3070000 8.47254
3080000 8.46807
3090000 8.46331
3100000 8.45798
3110000 8.45327
3120000 8.44901
3130000 8.44377
3140000 8.4384
3150000 8.43385
3160000 8.42993
3170000 8.4259
3180000 8.42328
3190000 8.42003
3200000 8.41855
3210000 8.41668
3220000 8.4132
3230000 8.40954
3240000 8.40703
3250000 8.40506
3260000 8.4025
3270000 8.40019
3280000 8.39836
3290000 8.39712
3300000 8.3956
3310000 8.39395
3320000 8.39238
3330000 8.39097
3340000 8.39006
3350000 8.39013
3360000 8.39071
3370000 8.39001
3380000 8.38962
3390000 8.38957
3400000 8.38956
3410000 8.39026
3420000 8.39151
3430000 8.39304
3440000 8.39511
3450000 8.39835
3460000 8.40048
3470000 8.40267
3480000 8.4041
3490000 8.40549
3500000 8.40646
3510000 8.40789
3520000 8.40956
3530000 8.41106
3540000 8.41256
3550000 8.41305
3560000 8.41247
3570000 8.4122
3580000 8.41211
3590000 8.41286
3600000 8.41372
3610000 8.41498
3620000 8.4172
3630000 8.41916
3640000 8.42119
3650000 8.42398
3660000 8.42683
3670000 8.42834
3680000 8.42967
3690000 8.43128
3700000 8.43289
3710000 8.43414
3720000 8.43324
3730000 8.43238
3740000 8.43194
3750000 8.43139
3760000 8.43014
3770000 8.42857
3780000 8.42771
3790000 8.42677
3800000 8.42561
3810000 8.42464
3820000 8.42467
3830000 8.4249
3840000 8.42479
3850000 8.42432
3860000 8.42411
3870000 8.42411
3880000 8.42567
3890000 8.42889
3900000 8.43153
3910000 8.43259
3920000 8.43248
3930000 8.43221
3940000 8.43153
3950000 8.42966
3960000 8.42708
3970000 8.42498
3980000 8.4225
3990000 8.41951
4000000 8.41619
4010000 8.41271
4020000 8.40949
4030000 8.40647
4040000 8.40364
4050000 8.40083
4060000 8.39756
4070000 8.39409
4080000 8.39047
4090000 8.38674
4100000 8.38354
4110000 8.38005
4120000 8.37624
4130000 8.37166
4140000 8.36633
4150000 8.36144
4160000 8.35623
4170000 8.35121
4180000 8.34604
4190000 8.34075
4200000 8.33558
4210000 8.32978
4220000 8.32472
4230000 8.31932
4240000 8.31446
4250000 8.30954
4260000 8.30431
4270000 8.30012
4280000 8.29573
4290000 8.29189
4300000 8.28813
4310000 8.28392
4320000 8.28005
4330000 8.27634
4340000 8.27179
4350000 8.26701
4360000 8.26154
4370000 8.25561
4380000 8.25011
4390000 8.24499
4400000 8.24014
4410000 8.23556
4420000 8.23116
4430000 8.22721
4440000 8.22312
4450000 8.21825
4460000 8.21348
4470000 8.20864
4480000 8.20376
4490000 8.19985
4500000 8.19598
4510000 8.19191
4520000 8.18881
4530000 8.18621
4540000 8.18422
4550000 8.18188
4560000 8.17968
4570000 8.17626
4580000 8.17226
4590000 8.16758
4600000 8.16286
4610000 8.15919
4620000 8.15594
4630000 8.15294
4640000 8.14969
4650000 8.14686
4660000 8.14429
4670000 8.14128
4680000 8.13838
4690000 8.13569
4700000 8.1328
4710000 8.12946
4720000 8.12594
4730000 8.12227
4740000 8.11917
4750000 8.11669
4760000 8.1142
4770000 8.11137
4780000 8.10891
4790000 8.10695
4800000 8.10479
4810000 8.1027
4820000 8.09953
4830000 8.09667
4840000 8.09352
4850000 8.09004
4860000 8.08585
4870000 8.0823
4880000 8.07877
4890000 8.07511
4900000 8.07182
4910000 8.06901
4920000 8.06668
4930000 8.06418
4940000 8.06221
4950000 8.05996
4960000 8.05828
4970000 8.05722
4980000 8.05577
4990000 8.05385
5000000 8.05136
5010000 8.04855
5020000 8.04639
5030000 8.04445
5040000 8.04263
5050000 8.04128
5060000 8.03986
5070000 8.03742
5080000 8.03519
5090000 8.03287
5100000 8.03059
5110000 8.0285
5120000 8.02668
5130000 8.02394
5140000 8.0208
5150000 8.01753
5160000 8.01397
5170000 8.00994
5180000 8.00555
5190000 8.00063
5200000 7.9959
5210000 7.99142
5220000 7.98677
5230000 7.98179
5240000 7.97726
5250000 7.9738
5260000 7.97065
5270000 7.96722
5280000 7.96298
5290000 7.95874
5300000 7.95464
5310000 7.95004
5320000 7.94555
5330000 7.94176
5340000 7.93883
5350000 7.93702
5360000 7.93571
5370000 7.93385
5380000 7.93251
5390000 7.93141
5400000 7.92986
5410000 7.92795
5420000 7.92563
5430000 7.92302
5440000 7.92072
5450000 7.91832
5460000 7.91588
5470000 7.9134
5480000 7.91009
5490000 7.90568
5500000 7.90144
5510000 7.89792
5520000 7.89506
5530000 7.89223
5540000 7.88912
5550000 7.88585
5560000 7.88345
5570000 7.88167
5580000 7.88014
5590000 7.8784
5600000 7.87646
5610000 7.87415
5620000 7.87233
5630000 7.87094
5640000 7.86914
5650000 7.86682
5660000 7.86438
5670000 7.86179
5680000 7.85956
5690000 7.85748
5700000 7.85489
5710000 7.8524
5720000 7.84992
5730000 7.84827
5740000 7.84627
5750000 7.84448
5760000 7.84303
5770000 7.84164
5780000 7.84005
5790000 7.83808
5800000 7.83594
5810000 7.83364
5820000 7.83085
5830000 7.8278
5840000 7.82456
5850000 7.82152
5860000 7.81824
5870000 7.81512
5880000 7.81186
5890000 7.8084
5900000 7.80556
5910000 7.80349
5920000 7.80096
5930000 7.79868
5940000 7.79636
5950000 7.79351
5960000 7.79051
5970000 7.78733
5980000 7.78392
5990000 7.78003
6000000 7.77627
6010000 7.77227
6020000 7.76853
6030000 7.76487
6040000 7.76136
6050000 7.75776
6060000 7.75389
6070000 7.75022
6080000 7.74695
6090000 7.74448
6100000 7.74153
6110000 7.73765
6120000 7.73397
6130000 7.73055
6140000 7.72638
6150000 7.72254
6160000 7.71891
6170000 7.71501
6180000 7.71158
6190000 7.70764
6200000 7.70358
6210000 7.6999
6220000 7.69639
6230000 7.69251
6240000 7.68883
6250000 7.68543
6260000 7.68275
6270000 7.68069
6280000 7.67899
6290000 7.67754
6300000 7.6766
6310000 7.6759
6320000 7.67507
6330000 7.67399
6340000 7.67288
6350000 7.67187
6360000 7.67106
6370000 7.67061
6380000 7.67007
6390000 7.6699
6400000 7.66999
6410000 7.67091
6420000 7.67219
6430000 7.67405
6440000 7.676
6450000 7.67782
6460000 7.68006
6470000 7.6822
6480000 7.68406
6490000 7.68532
6500000 7.68682
6510000 7.689
6520000 7.69148
6530000 7.69375
6540000 7.69602
6550000 7.69805
6560000 7.7001
6570000 7.70177
6580000 7.70336
6590000 7.70451
6600000 7.70624
6610000 7.70808
6620000 7.70962
6630000 7.70985
6640000 7.70988
6650000 7.71033
6660000 7.71036
6670000 7.71023
6680000 7.70979
6690000 7.70927
6700000 7.70818
6710000 7.70643
6720000 7.70494
6730000 7.70339
6740000 7.70172
6750000 7.70069
6760000 7.69999
6770000 7.69983
6780000 7.69958
6790000 7.69899
6800000 7.69854
6810000 7.69783
6820000 7.69666
6830000 7.69567
6840000 7.69462
6850000 7.69301
6860000 7.69102
6870000 7.68907
6880000 7.68744
6890000 7.68585
6900000 7.68404
6910000 7.68263
6920000 7.6813
6930000 7.68016
6940000 7.679
6950000 7.67735
6960000 7.67601
6970000 7.67513
6980000 7.67462
6990000 7.67431
7000000 7.67394
7010000 7.67301
7020000 7.67247
7030000 7.67221
7040000 7.67226
7050000 7.67261
7060000 7.67279
7070000 7.67327
7080000 7.67423
7090000 7.67552
7100000 7.67705
7110000 7.67827
7120000 7.67964
7130000 7.68119
7140000 7.68292
7150000 7.68458
7160000 7.68658
7170000 7.68859
7180000 7.69019
7190000 7.69164
7200000 7.69317
7210000 7.69444
7220000 7.69513
7230000 7.6955
7240000 7.69554
7250000 7.69605
7260000 7.6965
7270000 7.69712
7280000 7.69763
7290000 7.69749
7300000 7.69722
7310000 7.69678
7320000 7.69671
7330000 7.69705
7340000 7.69702
7350000 7.69645
7360000 7.69555
7370000 7.69454
7380000 7.69336
7390000 7.69252
7400000 7.69151
7410000 7.69049
7420000 7.68977
7430000 7.68873
7440000 7.68747
7450000 7.6857
7460000 7.6836
7470000 7.6814
7480000 7.67943
7490000 7.67745
7500000 7.6758
7510000 7.67394
7520000 7.67119
7530000 7.66861
7540000 7.66604
7550000 7.66379
7560000 7.66166
7570000 7.65917
7580000 7.65706
7590000 7.655
7600000 7.65289
7610000 7.65133
7620000 7.6501
7630000 7.64856
7640000 7.64696
7650000 7.64544
7660000 7.64354
7670000 7.64175
7680000 7.64021
7690000 7.63857
7700000 7.63634
7710000 7.63352
7720000 7.63129
7730000 7.62966
7740000 7.62826
7750000 7.62692
7760000 7.62573
7770000 7.62428
7780000 7.62322
7790000 7.62227
7800000 7.62151
7810000 7.62028
7820000 7.61956
7830000 7.61823
7840000 7.61676
7850000 7.61546
7860000 7.61422
7870000 7.61335
7880000 7.61304
7890000 7.61348
7900000 7.61425
7910000 7.61457
7920000 7.61457
7930000 7.61456
7940000 7.61429
7950000 7.61374
7960000 7.61305
7970000 7.61253
7980000 7.61247
7990000 7.61257
8000000 7.61222
8010000 7.61124
8020000 7.61032
8030000 7.60997
8040000 7.60958
8050000 7.609
8060000 7.60828
8070000 7.60729
8080000 7.60582
8090000 7.60406
8100000 7.60282
8110000 7.60209
8120000 7.60139
8130000 7.6009
8140000 7.60022
8150000 7.59958
8160000 7.59899
8170000 7.59888
8180000 7.59897
8190000 7.59888
8200000 7.599
8210000 7.59886
8220000 7.59907
8230000 7.5994
8240000 7.59977
8250000 7.60037
8260000 7.60109
8270000 7.6015
8280000 7.60237
8290000 7.60302
8300000 7.60387
8310000 7.60426
8320000 7.60433
8330000 7.60433
8340000 7.60432
8350000 7.60414
8360000 7.60393
8370000 7.6037
8380000 7.60346
8390000 7.60295
8400000 7.6022
8410000 7.60119
8420000 7.60007
8430000 7.59949
8440000 7.59912
8450000 7.5989
8460000 7.59869
8470000 7.59797
8480000 7.59718
8490000 7.59649
8500000 7.59572
8510000 7.59469
8520000 7.5936
8530000 7.59274
8540000 7.59146
8550000 7.59018
8560000 7.58879
8570000 7.58768
8580000 7.58655
8590000 7.58579
8600000 7.58547
8610000 7.58538
8620000 7.58477
8630000 7.58388
8640000 7.58285
8650000 7.58203
8660000 7.58094
8670000 7.57953
8680000 7.57829
8690000 7.57723
8700000 7.57652
8710000 7.57559
8720000 7.57462
8730000 7.57337
8740000 7.57214
8750000 7.57111
8760000 7.56995
8770000 7.56879
8780000 7.56731
8790000 7.56561
8800000 7.56383
8810000 7.56222
8820000 7.56094
8830000 7.55983
8840000 7.55912
8850000 7.55871
8860000 7.55817
8870000 7.5572
8880000 7.55608
8890000 7.55509
8900000 7.55405
8910000 7.55326
8920000 7.55266
8930000 7.5518
8940000 7.5507
8950000 7.54926
8960000 7.54728
8970000 7.54535
8980000 7.54333
8990000 7.54162
9000000 7.53982
9010000 7.53761
9020000 7.53556
9030000 7.53358
9040000 7.5321
9050000 7.53067
9060000 7.52933
9070000 7.52789
9080000 7.52629
9090000 7.52496
9100000 7.52409
9110000 7.52314
9120000 7.52147
9130000 7.51959
9140000 7.51737
9150000 7.51537
9160000 7.51372
9170000 7.51203
9180000 7.5101
9190000 7.50817
9200000 7.50671
9210000 7.50559
9220000 7.50482
9230000 7.5036
9240000 7.50211
9250000 7.50051
9260000 7.49887
9270000 7.49744
9280000 7.49616
9290000 7.49462
9300000 7.49304
9310000 7.49145
9320000 7.48959
9330000 7.48765
9340000 7.48594
9350000 7.48456
9360000 7.48367
9370000 7.48299
9380000 7.48208
9390000 7.48114
9400000 7.48048
9410000 7.4795
9420000 7.47816
9430000 7.47645
9440000 7.4745
9450000 7.47282
9460000 7.47133
9470000 7.46955
9480000 7.46819
9490000 7.46716
9500000 7.46602
9510000 7.46456
9520000 7.46322
9530000 7.46202
9540000 7.46043
9550000 7.45872
9560000 7.4567
9570000 7.4544
9580000 7.45204
9590000 7.44978
9600000 7.44749
9610000 7.44543
9620000 7.44332
9630000 7.44118
9640000 7.43898
9650000 7.43668
9660000 7.43423
9670000 7.43219
9680000 7.43044
9690000 7.42851
9700000 7.42662
9710000 7.42472
9720000 7.42304
9730000 7.42171
9740000 7.42053
9750000 7.41944
9760000 7.41864
9770000 7.41838
9780000 7.4181
9790000 7.41751
9800000 7.41695
9810000 7.41623
9820000 7.41539
9830000 7.41446
9840000 7.41325
9850000 7.4117
9860000 7.40959
9870000 7.40775
9880000 7.40621
9890000 7.40513
9900000 7.40413
9910000 7.40353
9920000 7.40288
9930000 7.40242
9940000 7.40196
9950000 7.40179
9960000 7.40127
9970000 7.40094
9980000 7.40071
9990000 7.40054
10000000 7.40048
10010000 7.40019
10020000 7.38299
10030000 7.36762
10040000 7.35372
10050000 7.34029
10060000 7.32707
10070000 7.31431
10080000 7.30262
10090000 7.29103
10100000 7.27952
10110000 7.26818
10120000 7.25815
10130000 7.24847
10140000 7.2389
10150000 7.22996
10160000 7.22125
10170000 7.21293
10180000 7.20495
10190000 7.19722
10200000 7.18972
10210000 7.18228
10220000 7.17487
10230000 7.16735
10240000 7.15962
10250000 7.15234
10260000 7.14557
10270000 7.13936
10280000 7.13298
10290000 7.12687
10300000 7.12042
10310000 7.1136
10320000 7.10719
10330000 7.10113
10340000 7.09518
10350000 7.08926
10360000 7.08323
10370000 7.07701
10380000 7.07051
10390000 7.06458
10400000 7.05901
10410000 7.05363
10420000 7.04839
10430000 7.04329
10440000 7.03803
10450000 7.03301
10460000 7.02837
10470000 7.02393
10480000 7.01962
10490000 7.01514
10500000 7.01047
10510000 7.00561
10520000 7.00091
10530000 6.99624
10540000 6.99173
10550000 6.98702
10560000 6.98279
10570000 6.97836
10580000 6.97375
10590000 6.96919
10600000 6.96532
10610000 6.96134
10620000 6.9571
10630000 6.95283
10640000 6.9489
10650000 6.94475
10660000 6.94069
10670000 6.93722
10680000 6.93395
10690000 6.93082
10700000 6.92716
10710000 6.92259
10720000 6.91778
10730000 6.9131
10740000 6.90875
10750000 6.90508
10760000 6.90131
10770000 6.89729
10780000 6.89345
10790000 6.88963
10800000 6.88543
10810000 6.88134
10820000 6.87747
10830000 6.87353
10840000 6.86947
10850000 6.86531
10860000 6.86106
10870000 6.85682
10880000 6.85283
10890000 6.84894
10900000 6.84527
10910000 6.84168
10920000 6.83778
10930000 6.83406
10940000 6.83057
10950000 6.8278
10960000 6.82504
10970000 6.82218
10980000 6.81941
10990000 6.81676
11000000 6.81402
11010000 6.81108
11020000 6.8083
11030000 6.80505
11040000 6.80146
11050000 6.79792
11060000 6.79414
11070000 6.79041
11080000 6.78661
11090000 6.78252
11100000 6.77858
11110000 6.77434
11120000 6.77006
11130000 6.76562
11140000 6.76118
11150000 6.75693
11160000 6.75327
11170000 6.74974
11180000 6.74608
11190000 6.74277
11200000 6.7392
11210000 6.73585
11220000 6.73273
11230000 6.72982
11240000 6.72654
11250000 6.72335
11260000 6.72028
11270000 6.71743
11280000 6.71488
11290000 6.71272
11300000 6.71069
11310000 6.70831
11320000 6.70654
11330000 6.70507
11340000 6.7037
11350000 6.70218
11360000 6.70129
11370000 6.70058
11380000 6.69983
11390000 6.69894
11400000 6.69818
11410000 6.69779
11420000 6.69743
11430000 6.69705
11440000 6.69656
11450000 6.69596
11460000 6.69538
11470000 6.6952
11480000 6.69507
11490000 6.69509
11500000 6.69521
11510000 6.69532
11520000 6.69613
11530000 6.69747
11540000 6.699
11550000 6.70057
11560000 6.70224
11570000 6.70382
11580000 6.70558
11590000 6.70703
11600000 6.7086
11610000 6.71049
11620000 6.71253
11630000 6.71498
11640000 6.71746
11650000 6.72009
11660000 6.72274
11670000 6.7258
11680000 6.7284
11690000 6.7305
11700000 6.73248
11710000 6.7341
11720000 6.73568
11730000 6.73698
11740000 6.73841
11750000 6.74026
11760000 6.74189
11770000 6.74326
11780000 6.74428
11790000 6.74553
11800000 6.74686
11810000 6.74799
11820000 6.74935
11830000 6.75102
11840000 6.75249
11850000 6.75349
11860000 6.75454
11870000 6.75556
11880000 6.75691
11890000 6.75832
11900000 6.75996
11910000 6.76212
11920000 6.76434
11930000 6.76628
11940000 6.76869
11950000 6.77093
11960000 6.77296
11970000 6.77497
11980000 6.77642
11990000 6.77783
12000000 6.7793
12010000 6.78073
12020000 6.78243
12030000 6.78395
12040000 6.78528
12050000 6.78697
12060000 6.78894
12070000 6.79139
12080000 6.79359
12090000 6.79522
12100000 6.79648
12110000 6.79767
12120000 6.79892
12130000 6.80112
12140000 6.8035
12150000 6.80598
12160000 6.80842
12170000 6.81109
12180000 6.81347
12190000 6.81583
12200000 6.8179
12210000 6.82029
12220000 6.82258
12230000 6.8245
12240000 6.82659
12250000 6.82821
12260000 6.82957
12270000 6.83059
12280000 6.83181
12290000 6.83335
12300000 6.83523
12310000 6.83676
12320000 6.83853
12330000 6.84037
12340000 6.84224
12350000 6.84405
12360000 6.84592
12370000 6.84762
12380000 6.84966
12390000 6.85181
12400000 6.85378
12410000 6.8563
12420000 6.85894
12430000 6.86134
12440000 6.86378
12450000 6.86607
12460000 6.86808
12470000 6.87027
12480000 6.87235
12490000 6.87459
12500000 6.87696
12510000 6.87929
12520000 6.88151
12530000 6.88361
12540000 6.88543
12550000 6.88707
12560000 6.88819
12570000 6.88962
12580000 6.8915
12590000 6.89275
12600000 6.89404
12610000 6.89587
12620000 6.89818
12630000 6.9007
12640000 6.90379
12650000 6.90659
12660000 6.9089
12670000 6.91167
12680000 6.91477
12690000 6.91765
12700000 6.92074
12710000 6.9238
12720000 6.92694
12730000 6.93022
12740000 6.93316
12750000 6.93614
12760000 6.93926
12770000 6.94198
12780000 6.94453
12790000 6.94675
12800000 6.94863
12810000 6.95031
12820000 6.95247
12830000 6.95496
12840000 6.95759
12850000 6.96015
12860000 6.96221
12870000 6.96518
12880000 6.9684
12890000 6.9715
12900000 6.97454
12910000 6.97754
12920000 6.9805
12930000 6.9833
12940000 6.98646
12950000 6.98983
12960000 6.99277
12970000 6.99548
12980000 6.99799
12990000 6.99992
13000000 7.00143
13010000 7.00338
13020000 7.00553
13030000 7.008
13040000 7.01088
13050000 7.01408
13060000 7.01708
13070000 7.01949
13080000 7.02122
13090000 7.02306
13100000 7.02505
13110000 7.02675
13120000 7.02837
13130000 7.03047
13140000 7.03267
13150000 7.0349
13160000 7.03748
13170000 7.03976
13180000 7.0418
13190000 7.04369
13200000 7.04463
13210000 7.04566
13220000 7.04718
13230000 7.04882
13240000 7.05041
13250000 7.05186
13260000 7.05359
13270000 7.05502
13280000 7.05635
13290000 7.05741
13300000 7.05861
13310000 7.05982
13320000 7.06102
13330000 7.06203
13340000 7.06247
13350000 7.06229
13360000 7.0617
13370000 7.0617
13380000 7.06132
13390000 7.06079
13400000 7.06048
13410000 7.06002
13420000 7.05937
13430000 7.05853
13440000 7.05796
13450000 7.05681
13460000 7.05599
13470000 7.05496
13480000 7.05412
13490000 7.05318
13500000 7.05238
13510000 7.05153
13520000 7.05084
13530000 7.05018
13540000 7.04934
13550000 7.04854
13560000 7.04795
13570000 7.04766
13580000 7.04757
13590000 7.04729
13600000 7.04668
13610000 7.04552
13620000 7.04443
13630000 7.04389
13640000 7.04326
13650000 7.04231
13660000 7.04161
13670000 7.04095
13680000 7.04062
13690000 7.04047
13700000 7.04016
13710000 7.03947
13720000 7.03962
13730000 7.0399
13740000 7.03993
13750000 7.04
13760000 7.03985
13770000 7.03952
13780000 7.03887
13790000 7.03837
13800000 7.03816
13810000 7.03806
13820000 7.03765
13830000 7.03746
13840000 7.03774
13850000 7.03843
13860000 7.03893
13870000 7.03905
13880000 7.03854
13890000 7.03761
13900000 7.03732
13910000 7.03753
13920000 7.03809
13930000 7.03896
13940000 7.04027
13950000 7.04226
13960000 7.04519
13970000 7.04794
13980000 7.0509
13990000 7.05414
14000000 7.05765
14010000 7.06124
14020000 7.06454
14030000 7.06763
14040000 7.07047
14050000 7.07321
14060000 7.07613
14070000 7.07915
14080000 7.08217
14090000 7.08478
14100000 7.08693
14110000 7.08939
14120000 7.09197
14130000 7.09516
14140000 7.09874
14150000 7.10214
14160000 7.10592
14170000 7.10946
14180000 7.11332
14190000 7.11726
14200000 7.12102
14210000 7.12516
14220000 7.12921
14230000 7.13343
14240000 7.1373
14250000 7.14077
14260000 7.14398
14270000 7.14701
14280000 7.14991
14290000 7.15245
14300000 7.15507
14310000 7.15792
14320000 7.16026
14330000 7.16236
14340000 7.16483
14350000 7.16729
14360000 7.16993
14370000 7.17301
14380000 7.17639
14390000 7.17918
14400000 7.18156
14410000 7.18385
14420000 7.18629
14430000 7.18847
14440000 7.19043
14450000 7.19281
14460000 7.19489
14470000 7.1969
14480000 7.1988
14490000 7.20028
14500000 7.20189
14510000 7.20375
14520000 7.2055
14530000 7.20739
14540000 7.20912
14550000 7.21089
14560000 7.21289
14570000 7.21538
14580000 7.21745
14590000 7.21944
14600000 7.2213
14610000 7.22251
14620000 7.22341
14630000 7.22438
14640000 7.22564
14650000 7.22708
14660000 7.22806
14670000 7.22939
14680000 7.23066
14690000 7.23137
14700000 7.23218
14710000 7.23331
14720000 7.23435
14730000 7.23549
14740000 7.23642
14750000 7.2372
14760000 7.23789
14770000 7.2385
14780000 7.23856
14790000 7.23835
14800000 7.2382
14810000 7.23806
14820000 7.23837
14830000 7.23855
14840000 7.2385
14850000 7.23878
14860000 7.23954
14870000 7.24018
14880000 7.24135
14890000 7.24269
14900000 7.2438
14910000 7.24422
14920000 7.2443
14930000 7.24457
14940000 7.24429
14950000 7.2442
14960000 7.24371
14970000 7.24332
14980000 7.24335
14990000 7.24373
15000000 7.24432
15010000 7.24528
15020000 7.24555
15030000 7.24554
15040000 7.24538
15050000 7.24472
15060000 7.24412
15070000 7.24432
15080000 7.24446
15090000 7.24395
15100000 7.24316
15110000 7.24229
15120000 7.2414
15130000 7.24101
15140000 7.24121
15150000 7.24113
15160000 7.24117
15170000 7.24139
15180000 7.24185
15190000 7.24246
15200000 7.24353
15210000 7.24468
15220000 7.24598
15230000 7.24766
15240000 7.24932
15250000 7.25061
15260000 7.25207
15270000 7.25393
15280000 7.25631
15290000 7.25872
15300000 7.26078
15310000 7.26326
15320000 7.26577
15330000 7.26809
15340000 7.27017
15350000 7.27197
15360000 7.27358
15370000 7.2755
15380000 7.27766
15390000 7.27971
15400000 7.28176
15410000 7.28403
15420000 7.28605
15430000 7.28831
15440000 7.29049
15450000 7.29281
15460000 7.29511
15470000 7.29742
15480000 7.3001
15490000 7.30316
15500000 7.30622
15510000 7.30919
15520000 7.31169
15530000 7.31409
15540000 7.31612
15550000 7.31825
15560000 7.32012
15570000 7.32195
15580000 7.32344
15590000 7.32486
15600000 7.32641
15610000 7.32803
15620000 7.32938
15630000 7.33076
15640000 7.33207
15650000 7.33346
15660000 7.33527
15670000 7.33748
15680000 7.33959
15690000 7.34201
15700000 7.3448
15710000 7.34697
15720000 7.34925
15730000 7.35097
15740000 7.35268
15750000 7.3543
15760000 7.35588
15770000 7.35718
15780000 7.35839
15790000 7.35976
15800000 7.36115
15810000 7.36271
15820000 7.36456
15830000 7.36632
15840000 7.36798
15850000 7.36967
15860000 7.372
15870000 7.37436
15880000 7.37689
15890000 7.37945
15900000 7.38131
15910000 7.38259
15920000 7.38413
15930000 7.38535
15940000 7.3865
15950000 7.3881
15960000 7.39022
15970000 7.39255
15980000 7.39475
15990000 7.39711
16000000 7.39955
16010000 7.40215
16020000 7.40436
16030000 7.40631
16040000 7.40814
16050000 7.41004
16060000 7.41216
16070000 7.41416
16080000 7.41585
16090000 7.41717
16100000 7.41911
16110000 7.4216
16120000 7.42398
16130000 7.42616
16140000 7.42862
16150000 7.43097
16160000 7.43358
16170000 7.43621
16180000 7.43867
16190000 7.44135
16200000 7.44364
16210000 7.44538
16220000 7.44699
16230000 7.44863
16240000 7.45002
16250000 7.45076
16260000 7.45082
16270000 7.45079
16280000 7.45058
16290000 7.45057
16300000 7.45003
16310000 7.44957
16320000 7.44935
16330000 7.44932
16340000 7.44922
16350000 7.44884
16360000 7.44785
16370000 7.44627
16380000 7.44464
16390000 7.44266
16400000 7.44024
16410000 7.43732
16420000 7.43414
16430000 7.43039
16440000 7.42668
16450000 7.42313
16460000 7.4194
16470000 7.41561
16480000 7.41167
16490000 7.40826
16500000 7.40477
16510000 7.40133
16520000 7.39787
16530000 7.39467
16540000 7.39104
16550000 7.3874
16560000 7.38371
16570000 7.38051
16580000 7.3776
16590000 7.37468
16600000 7.37126
16610000 7.36801
16620000 7.36479
16630000 7.36262
16640000 7.36053
16650000 7.35834
16660000 7.35609
16670000 7.35384
16680000 7.3517
16690000 7.34957
16700000 7.34785
16710000 7.3464
16720000 7.34475
16730000 7.34281
16740000 7.34075
16750000 7.33832
16760000 7.33589
16770000 7.33335
16780000 7.33089
16790000 7.32862
16800000 7.32663
16810000 7.32471
16820000 7.3233
16830000 7.32177
16840000 7.32019
16850000 7.31907
16860000 7.31839
16870000 7.31792
16880000 7.31704
16890000 7.31629
16900000 7.31581
16910000 7.31522
16920000 7.31457
16930000 7.3137
16940000 7.31258
16950000 7.31146
16960000 7.31013
16970000 7.30828
16980000 7.30623
16990000 7.30399
17000000 7.30189
17010000 7.30056
17020000 7.29944
17030000 7.29861
17040000 7.29781
17050000 7.29715
17060000 7.29699
17070000 7.29622
17080000 7.29487
17090000 7.29315
17100000 7.29124
17110000 7.28947
17120000 7.28744
17130000 7.28532
17140000 7.28312
17150000 7.28096
17160000 7.27844
17170000 7.27568
17180000 7.27328
17190000 7.27126
17200000 7.26953
17210000 7.26827
17220000 7.2671
17230000 7.26614
17240000 7.26523
17250000 7.26376
17260000 7.26252
17270000 7.26139
17280000 7.26069
17290000 7.26078
17300000 7.26114
17310000 7.26139
17320000 7.26144
17330000 7.26102
17340000 7.26075
17350000 7.26084
17360000 7.26155
17370000 7.26222
17380000 7.26285
17390000 7.26343
17400000 7.26432
17410000 7.26491
17420000 7.26493
17430000 7.26469
17440000 7.26504
17450000 7.26594
17460000 7.26658
17470000 7.26748
17480000 7.2684
17490000 7.269
17500000 7.26908
17510000 7.26933
17520000 7.27011
17530000 7.2709
17540000 7.2714
17550000 7.27138
17560000 7.27104
17570000 7.27123
17580000 7.27146
17590000 7.27185
17600000 7.27239
17610000 7.27234
17620000 7.27214
17630000 7.27189
17640000 7.27185
17650000 7.27228
17660000 7.273
17670000 7.27343
17680000 7.27357
17690000 7.27369
17700000 7.27374
17710000 7.27433
17720000 7.27422
17730000 7.27361
17740000 7.27311
17750000 7.27249
17760000 7.2717
17770000 7.27114
17780000 7.27034
17790000 7.26974
17800000 7.26905
17810000 7.26888
17820000 7.26874
17830000 7.2692
17840000 7.26966
17850000 7.26963
17860000 7.26938
17870000 7.26851
17880000 7.2674
17890000 7.26597
17900000 7.26401
17910000 7.26215
17920000 7.26077
17930000 7.25958
17940000 7.25825
17950000 7.25682
17960000 7.2551
17970000 7.25331
17980000 7.25138
17990000 7.24898
18000000 7.24701
18010000 7.24519
18020000 7.24354
18030000 7.24124
18040000 7.23873
18050000 7.23642
18060000 7.23481
18070000 7.23348
18080000 7.2323
18090000 7.23104
18100000 7.22988
18110000 7.22848
18120000 7.22687
18130000 7.22489
18140000 7.22322
18150000 7.22186
18160000 7.22072
18170000 7.21916
18180000 7.21775
18190000 7.21649
18200000 7.21496
18210000 7.21367
18220000 7.21205
18230000 7.21035
18240000 7.2085
18250000 7.20636
18260000 7.20394
18270000 7.20182
18280000 7.1994
18290000 7.1974
18300000 7.19554
18310000 7.19423
18320000 7.19331
18330000 7.19194
18340000 7.19048
18350000 7.18928
18360000 7.1879
18370000 7.18679
18380000 7.18587
18390000 7.18507
18400000 7.18431
18410000 7.18404
18420000 7.18396
18430000 7.1833
18440000 7.18232
18450000 7.18123
18460000 7.17985
18470000 7.17892
18480000 7.17838
18490000 7.17795
18500000 7.17736
18510000 7.17672
18520000 7.17628
18530000 7.17608
18540000 7.17624
18550000 7.17647
18560000 7.17657
18570000 7.17605
18580000 7.1756
18590000 7.17491
18600000 7.17375
18610000 7.17244
18620000 7.17152
18630000 7.17065
18640000 7.16977
18650000 7.16844
18660000 7.16758
18670000 7.1673
18680000 7.16718
18690000 7.16666
18700000 7.16569
18710000 7.16468
18720000 7.16404
18730000 7.16408
18740000 7.16425
18750000 7.16457
18760000 7.16558
18770000 7.16709
18780000 7.16885
18790000 7.17049
18800000 7.17192
18810000 7.17289
18820000 7.17365
18830000 7.1743
18840000 7.1743
18850000 7.17385
18860000 7.1732
18870000 7.17313
18880000 7.17333
18890000 7.1735
18900000 7.17342
18910000 7.17324
18920000 7.17305
18930000 7.17339
18940000 7.17387
18950000 7.17465
18960000 7.17578
18970000 7.17688
18980000 7.17817
18990000 7.17921
19000000 7.18015
19010000 7.18118
19020000 7.18243
19030000 7.18303
19040000 7.18309
19050000 7.18251
19060000 7.18164
19070000 7.1808
19080000 7.18007
19090000 7.17912
19100000 7.17771
19110000 7.17642
19120000 7.17575
19130000 7.17545
19140000 7.17534
19150000 7.17511
19160000 7.17457
19170000 7.17392
19180000 7.17383
19190000 7.17358
19200000 7.17315
19210000 7.17263
19220000 7.17168
19230000 7.17105
19240000 7.17042
19250000 7.16967
19260000 7.16917
19270000 7.16871
19280000 7.16815
19290000 7.16831
19300000 7.16882
19310000 7.16944
19320000 7.17041
19330000 7.17166
19340000 7.17269
19350000 7.17333
19360000 7.17406
19370000 7.17479
19380000 7.17605
19390000 7.17736
19400000 7.17813
19410000 7.17928
19420000 7.18043
19430000 7.18186
19440000 7.18344
19450000 7.18454
19460000 7.18505
19470000 7.1859
19480000 7.18609
19490000 7.18553
19500000 7.18536
19510000 7.18584
19520000 7.18611
19530000 7.18658
19540000 7.18755
19550000 7.18869
19560000 7.19011
19570000 7.19205
19580000 7.19457
19590000 7.19727
19600000 7.2
19610000 7.20257
19620000 7.20533
19630000 7.20789
19640000 7.21034
19650000 7.21286
19660000 7.2155
19670000 7.21812
19680000 7.22049
19690000 7.22366
19700000 7.22695
19710000 7.23025
19720000 7.23346
19730000 7.23656
19740000 7.23925
19750000 7.24178
19760000 7.24343
19770000 7.24446
19780000 7.24523
19790000 7.24621
19800000 7.24731
19810000 7.24904
19820000 7.25104
19830000 7.25306
19840000 7.25495
19850000 7.25725
19860000 7.26066
19870000 7.26416
19880000 7.26759
19890000 7.2701
19900000 7.27251
19910000 7.27522
19920000 7.27811
19930000 7.2809
19940000 7.28388
19950000 7.28619
19960000 7.2887
19970000 7.29092
19980000 7.29262
19990000 7.29433
20000000 7.29588
20010000 7.29789
20020000 7.29975
20030000 7.30149
20040000 7.30273
20050000 7.30386
20060000 7.30531
20070000 7.30697
20080000 7.30829
20090000 7.31061
20100000 7.31346
20110000 7.31591
20120000 7.3178
20130000 7.31949
20140000 7.3209
20150000 7.32227
20160000 7.32401
20170000 7.32575
20180000 7.3267
20190000 7.32751
20200000 7.32847
20210000 7.32936
20220000 7.33055
20230000 7.33229
20240000 7.33459
20250000 7.33718
20260000 7.33961
20270000 7.34189
20280000 7.34435
20290000 7.34673
20300000 7.34941
20310000 7.35208
20320000 7.35459
20330000 7.35716
20340000 7.35984
20350000 7.36279
20360000 7.36582
20370000 7.36932
20380000 7.37294
20390000 7.37644
20400000 7.37964
20410000 7.38246
20420000 7.38503
20430000 7.38712
20440000 7.38958
20450000 7.39186
20460000 7.39347
20470000 7.39516
20480000 7.39615
20490000 7.39739
20500000 7.39856
20510000 7.39968
20520000 7.40057
20530000 7.40118
20540000 7.40133
20550000 7.40176
20560000 7.40194
20570000 7.40259
20580000 7.40332
20590000 7.40402
20600000 7.40422
20610000 7.40419
20620000 7.40394
20630000 7.40322
20640000 7.4023
20650000 7.40148
20660000 7.40079
20670000 7.39994
20680000 7.39961
20690000 7.39946
20700000 7.39984
20710000 7.401
20720000 7.40244
20730000 7.40371
20740000 7.40474
20750000 7.40501
20760000 7.40478
20770000 7.40439
20780000 7.40386
20790000 7.40313
20800000 7.40266
20810000 7.40249
20820000 7.40252
20830000 7.40238
20840000 7.4031
20850000 7.40378
20860000 7.40385
20870000 7.404
20880000 7.40397
20890000 7.40382
20900000 7.40293
20910000 7.40188
20920000 7.40081
20930000 7.39955
20940000 7.39811
20950000 7.39681
20960000 7.39606
20970000 7.39533
20980000 7.39429
20990000 7.39385
21000000 7.39386
21010000 7.39375
21020000 7.39342
21030000 7.39339
21040000 7.39383
21050000 7.39445
21060000 7.39542
21070000 7.39636
21080000 7.39784
21090000 7.39976
21100000 7.40135
21110000 7.40281
21120000 7.40428
21130000 7.40607
21140000 7.40783
21150000 7.4101
21160000 7.41204
21170000 7.41369
21180000 7.41525
21190000 7.4167
21200000 7.41783
21210000 7.41868
21220000 7.41959
21230000 7.42061
21240000 7.42193
21250000 7.4231
21260000 7.42447
21270000 7.42569
21280000 7.42692
21290000 7.42779
21300000 7.42862
21310000 7.42968
21320000 7.43051
21330000 7.43124
21340000 7.43201
21350000 7.43312
21360000 7.434
21370000 7.4348
21380000 7.43537
21390000 7.43565
21400000 7.43595
21410000 7.43615
21420000 7.43651
21430000 7.43725
21440000 7.43794
21450000 7.43862
21460000 7.43953
21470000 7.44028
21480000 7.44084
21490000 7.44087
21500000 7.44055
21510000 7.44024
21520000 7.4396
21530000 7.43855
21540000 7.43752
21550000 7.43673
21560000 7.43572
21570000 7.4344
21580000 7.43309
21590000 7.43224
21600000 7.4313
21610000 7.43032
21620000 7.42922
21630000 7.42793
21640000 7.42706
21650000 7.4261
21660000 7.42474
21670000 7.42311
21680000 7.42189
21690000 7.42055
21700000 7.41897
21710000 7.41756
21720000 7.41664
21730000 7.4159
21740000 7.41501
21750000 7.41362
21760000 7.41228
21770000 7.41051
21780000 7.40865
21790000 7.40692
21800000 7.40494
21810000 7.4035
21820000 7.40225
21830000 7.40085
21840000 7.39979
21850000 7.39924
21860000 7.3988
21870000 7.39868
21880000 7.3983
21890000 7.3977
21900000 7.39719
21910000 7.39616
21920000 7.39487
21930000 7.39329
21940000 7.39169
21950000 7.39083
21960000 7.39029
21970000 7.38961
21980000 7.38922
21990000 7.38897
22000000 7.38858
22010000 7.38862
22020000 7.38839
22030000 7.38838
22040000 7.38813
22050000 7.38716
22060000 7.38582
22070000 7.38418
22080000 7.38222
22090000 7.38074
22100000 7.37933
22110000 7.37807
22120000 7.37699
22130000 7.3755
22140000 7.37339
22150000 7.37113
22160000 7.36877
22170000 7.36613
22180000 7.36359
22190000 7.36124
22200000 7.35944
22210000 7.35727
22220000 7.35536
22230000 7.35345
22240000 7.35115
22250000 7.34926
22260000 7.34768
22270000 7.34613
22280000 7.3444
22290000 7.34288
22300000 7.34125
22310000 7.3399
22320000 7.33851
22330000 7.33672
22340000 7.33506
22350000 7.3334
22360000 7.33213
22370000 7.33151
22380000 7.33075
22390000 7.32969
22400000 7.32812
22410000 7.32643
22420000 7.32458
22430000 7.32296
22440000 7.32149
22450000 7.32042
22460000 7.31982
22470000 7.31921
22480000 7.31855
22490000 7.3176
22500000 7.31647
22510000 7.31582
22520000 7.31547
22530000 7.31502
22540000 7.31492
22550000 7.31491
22560000 7.31524
22570000 7.31547
22580000 7.3154
22590000 7.31593
22600000 7.31636
22610000 7.31674
22620000 7.3167
22630000 7.31613
22640000 7.31547
22650000 7.31502
22660000 7.31458
22670000 7.31367
22680000 7.31249
22690000 7.31144
22700000 7.31018
22710000 7.30922
22720000 7.30814
22730000 7.30723
22740000 7.30633
22750000 7.30545
22760000 7.30483
22770000 7.30345
22780000 7.3016
22790000 7.29996
22800000 7.29848
22810000 7.29749
22820000 7.29623
22830000 7.29527
22840000 7.29385
22850000 7.29253
22860000 7.29137
22870000 7.28907
22880000 7.28635
22890000 7.28352
22900000 7.28093
22910000 7.2789
22920000 7.27741
22930000 7.27588
22940000 7.27396
22950000 7.2719
22960000 7.27013
22970000 7.26836
22980000 7.2669
22990000 7.26588
23000000 7.26509
23010000 7.26383
23020000 7.26234
23030000 7.26047
23040000 7.25775
23050000 7.25511
23060000 7.25317
23070000 7.25205
23080000 7.25164
23090000 7.25145
23100000 7.25154
23110000 7.25203
23120000 7.25251
23130000 7.25281
23140000 7.25295
23150000 7.25291
23160000 7.25234
23170000 7.25239
23180000 7.2524
23190000 7.25267
23200000 7.25318
23210000 7.25389
23220000 7.25439
23230000 7.2544
23240000 7.25447
23250000 7.25441
23260000 7.25405
23270000 7.25366
23280000 7.25287
23290000 7.25184
23300000 7.25077
23310000 7.24959
23320000 7.2483
23330000 7.2471
23340000 7.24641
23350000 7.24578
23360000 7.24528
23370000 7.24464
23380000 7.24423
23390000 7.24392
23400000 7.24349
23410000 7.24325
23420000 7.24273
23430000 7.24223
23440000 7.24126
23450000 7.24044
23460000 7.2395
23470000 7.23883
23480000 7.23794
23490000 7.23696
23500000 7.23615
23510000 7.23539
23520000 7.23459
23530000 7.23365
23540000 7.23318
23550000 7.23326
23560000 7.23328
23570000 7.23273
23580000 7.23183
23590000 7.23037
23600000 7.22885
23610000 7.22785
23620000 7.22667
23630000 7.22515
23640000 7.22372
23650000 7.22235
23660000 7.22077
23670000 7.2192
23680000 7.21712
23690000 7.21476
23700000 7.21279
23710000 7.21107
23720000 7.20897
23730000 7.20708
23740000 7.20519
23750000 7.20328
23760000 7.20169
23770000 7.20063
23780000 7.19981
23790000 7.199
23800000 7.19765
23810000 7.19628
23820000 7.1944
23830000 7.192
23840000 7.18945
23850000 7.18715
23860000 7.18495
23870000 7.18337
23880000 7.18203
23890000 7.18042
23900000 7.17816
23910000 7.17605
23920000 7.17362
23930000 7.171
23940000 7.16785
23950000 7.16484
23960000 7.16128
23970000 7.15787
23980000 7.15464
23990000 7.15142
24000000 7.1482
24010000 7.14534
24020000 7.14249
24030000 7.13952
24040000 7.13659
24050000 7.13396
24060000 7.13137
24070000 7.12869
24080000 7.1264
24090000 7.12502
24100000 7.1242
24110000 7.12315
24120000 7.12202
24130000 7.12062
24140000 7.11905
24150000 7.11734
24160000 7.11552
24170000 7.11368
24180000 7.11144
24190000 7.10902
24200000 7.10694
24210000 7.10476
24220000 7.10256
24230000 7.10015
24240000 7.09769
24250000 7.09549
24260000 7.09353
24270000 7.09095
24280000 7.08863
24290000 7.08635
24300000 7.08391
24310000 7.08171
24320000 7.07996
24330000 7.07827
24340000 7.07606
24350000 7.07362
24360000 7.07143
24370000 7.06913
24380000 7.06632
24390000 7.0641
24400000 7.06225
24410000 7.06026
24420000 7.05779
24430000 7.0556
24440000 7.05366
24450000 7.05193
24460000 7.0503
24470000 7.04864
24480000 7.04683
24490000 7.04511
24500000 7.04318
24510000 7.04124
24520000 7.03912
24530000 7.03643
24540000 7.03366
24550000 7.03124
24560000 7.02846
24570000 7.02624
24580000 7.02495
24590000 7.02412
24600000 7.02363
24610000 7.02294
24620000 7.02261
24630000 7.02211
24640000 7.0215
24650000 7.02041
24660000 7.02005
24670000 7.01971
24680000 7.01903
24690000 7.01904
24700000 7.01929
24710000 7.01928
24720000 7.01949
24730000 7.01972
24740000 7.0196
24750000 7.01955
24760000 7.01983
24770000 7.02029
24780000 7.02124
24790000 7.02246
24800000 7.02337
24810000 7.02396
24820000 7.02462
24830000 7.02529
24840000 7.02601
24850000 7.02639
24860000 7.02619
24870000 7.0259
24880000 7.02528
24890000 7.02439
24900000 7.02355
24910000 7.02344
24920000 7.02365
24930000 7.0238
24940000 7.0243
24950000 7.02502
24960000 7.02582
24970000 7.02588
24980000 7.02541
24990000 7.02456
25000000 7.02379
25010000 7.02251
25020000 7.02189
25030000 7.02145
25040000 7.02103
25050000 7.0209
25060000 7.02098
25070000 7.02077
25080000 7.02002
25090000 7.0198
25100000 7.01982
25110000 7.02017
25120000 7.02046
25130000 7.02082
25140000 7.02124
25150000 7.02236
25160000 7.02348
25170000 7.02461
25180000 7.0258
25190000 7.02718
25200000 7.02787
25210000 7.02827
25220000 7.02831
25230000 7.02789
25240000 7.02769
25250000 7.02742
25260000 7.02682
25270000 7.02619
25280000 7.02538
25290000 7.02449
25300000 7.02404
25310000 7.02332
25320000 7.02239
25330000 7.02137
25340000 7.0204
25350000 7.01913
25360000 7.01777
25370000 7.01642
25380000 7.01472
25390000 7.01368
25400000 7.0129
25410000 7.01221
25420000 7.0121
25430000 7.012
25440000 7.01237
25450000 7.01277
25460000 7.01294
25470000 7.01302
25480000 7.01334
25490000 7.01394
25500000 7.01436
25510000 7.01381
25520000 7.01251
25530000 7.01101
25540000 7.00991
25550000 7.00904
25560000 7.00798
25570000 7.00695
25580000 7.00618
25590000 7.00576
25600000 7.00537
25610000 7.0055
25620000 7.0054
25630000 7.00495
25640000 7.00453
25650000 7.00406
25660000 7.00312
25670000 7.00199
25680000 7.00082
25690000 6.99901
25700000 6.99696
25710000 6.99565
25720000 6.99431
25730000 6.99355
25740000 6.99287
25750000 6.99205
25760000 6.9916
25770000 6.99171
25780000 6.99185
25790000 6.9922
25800000 6.99243
25810000 6.99243
25820000 6.9925
25830000 6.99271
25840000 6.99315
25850000 6.99351
25860000 6.99288
25870000 6.99181
25880000 6.99091
25890000 6.99037
25900000 6.99021
25910000 6.99012
25920000 6.99009
25930000 6.99014
25940000 6.99012
25950000 6.9895
25960000 6.9884
25970000 6.98741
25980000 6.98669
25990000 6.9864
26000000 6.98591
26010000 6.98533
26020000 6.98463
26030000 6.98384
26040000 6.98288
26050000 6.98174
26060000 6.98076
26070000 6.9797
26080000 6.97862
26090000 6.97728
26100000 6.97548
26110000 6.97378
26120000 6.97221
26130000 6.97078
26140000 6.96973
26150000 6.9687
26160000 6.96737
26170000 6.966
26180000 6.96467
26190000 6.96308
26200000 6.96196
26210000 6.96131
26220000 6.9605
26230000 6.95981
26240000 6.95923
26250000 6.95903
26260000 6.95924
26270000 6.95893
26280000 6.95842
26290000 6.9577
26300000 6.95669
26310000 6.95519
26320000 6.95357
26330000 6.95207
26340000 6.95036
26350000 6.94863
26360000 6.94704
26370000 6.94577
26380000 6.94451
26390000 6.94345
26400000 6.94262
26410000 6.94183
26420000 6.94108
26430000 6.94039
26440000 6.93957
26450000 6.93858
26460000 6.93781
26470000 6.93708
26480000 6.93701
26490000 6.93712
26500000 6.9372
26510000 6.93666
26520000 6.9366
26530000 6.9365
26540000 6.93675
26550000 6.93734
26560000 6.93801
26570000 6.9386
26580000 6.93882
26590000 6.93936
26600000 6.93975
26610000 6.94007
26620000 6.94093
26630000 6.94191
26640000 6.94291
26650000 6.94389
26660000 6.94517
26670000 6.94683
26680000 6.94844
26690000 6.95031
26700000 6.95209
26710000 6.95388
26720000 6.95549
26730000 6.95718
26740000 6.95884
26750000 6.96039
26760000 6.96165
26770000 6.96277
26780000 6.96379
26790000 6.96451
26800000 6.96497
26810000 6.96575
26820000 6.96639
26830000 6.96681
26840000 6.96745
26850000 6.96779
26860000 6.96781
26870000 6.96752
26880000 6.96726
26890000 6.96703
26900000 6.9665
26910000 6.96595
26920000 6.96579
26930000 6.96581
26940000 6.96627
26950000 6.96722
26960000 6.96809
26970000 6.96891
26980000 6.9694
26990000 6.96982
27000000 6.97021
27010000 6.9703
27020000 6.97004
27030000 6.96977
27040000 6.96929
27050000 6.96846
27060000 6.96737
27070000 6.96658
27080000 6.96634
27090000 6.96613
27100000 6.96578
27110000 6.96575
27120000 6.96554
27130000 6.96508
27140000 6.96471
27150000 6.9647
27160000 6.96454
27170000 6.96435
27180000 6.96443
27190000 6.96465
27200000 6.9647
27210000 6.96457
27220000 6.96449
27230000 6.96464
27240000 6.96494
27250000 6.96524
27260000 6.96542
27270000 6.96518
27280000 6.96491
27290000 6.9648
27300000 6.96454
27310000 6.96427
27320000 6.96391
27330000 6.96387
27340000 6.96373
27350000 6.96355
27360000 6.96319
27370000 6.96267
27380000 6.96246
27390000 6.96182
27400000 6.96099
27410000 6.96025
27420000 6.96011
27430000 6.9608
27440000 6.96152
27450000 6.96237
27460000 6.96393
27470000 6.96536
27480000 6.96638
27490000 6.96786
27500000 6.96963
27510000 6.97106
27520000 6.97234
27530000 6.97314
27540000 6.97397
27550000 6.97488
27560000 6.97603
27570000 6.97706
27580000 6.97765
27590000 6.97816
27600000 6.97886
27610000 6.97979
27620000 6.98087
27630000 6.98278
27640000 6.98422
27650000 6.98496
27660000 6.98598
27670000 6.98727
27680000 6.98868
27690000 6.98979
27700000 6.99134
27710000 6.99268
27720000 6.9937
27730000 6.99414
27740000 6.99444
27750000 6.99487
27760000 6.99519
27770000 6.99553
27780000 6.99572
27790000 6.99547
27800000 6.99463
27810000 6.99378
27820000 6.99277
27830000 6.99196
27840000 6.99156
27850000 6.9915
27860000 6.99176
27870000 6.99253
27880000 6.99328
27890000 6.99382
27900000 6.99464
27910000 6.99561
27920000 6.99629
27930000 6.99659
27940000 6.99703
27950000 6.99761
27960000 6.99818
27970000 6.99812
27980000 6.9981
27990000 6.99847
28000000 6.9988
28010000 6.99966
28020000 7.00041
28030000 7.00118
28040000 7.00209
28050000 7.0032
28060000 7.00418
28070000 7.00495
28080000 7.00599
28090000 7.00708
28100000 7.00742
28110000 7.00736
28120000 7.00742
28130000 7.00781
28140000 7.00808
28150000 7.00818
28160000 7.00823
28170000 7.00855
28180000 7.0085
28190000 7.00843
28200000 7.00857
28210000 7.00878
28220000 7.00937
28230000 7.01
28240000 7.01032
28250000 7.01099
28260000 7.01172
28270000 7.01244
28280000 7.01253
28290000 7.01238
28300000 7.01187
28310000 7.01125
28320000 7.01035
28330000 7.00978
28340000 7.00929
28350000 7.009
28360000 7.0089
28370000 7.00842
28380000 7.00803
28390000 7.00782
28400000 7.00757
28410000 7.00675
28420000 7.00557
28430000 7.00459
28440000 7.00353
28450000 7.00238
28460000 7.00136
28470000 7.00018
28480000 6.9987
28490000 6.99733
28500000 6.99634
28510000 6.99588
28520000 6.9954
28530000 6.99428
28540000 6.99264
28550000 6.99077
28560000 6.98868
28570000 6.98698
28580000 6.98491
28590000 6.98293
28600000 6.98138
28610000 6.97987
28620000 6.97855
28630000 6.97759
28640000 6.97695
28650000 6.97667
28660000 6.97619
28670000 6.97577
28680000 6.97564
28690000 6.97592
28700000 6.97617
28710000 6.97653
28720000 6.97656
28730000 6.97632
28740000 6.9759
28750000 6.97499
28760000 6.97319
28770000 6.97091
28780000 6.96887
28790000 6.96704
28800000 6.96557
28810000 6.96443
28820000 6.963
28830000 6.96189
28840000 6.96109
28850000 6.96034
28860000 6.9597
28870000 6.95875
28880000 6.9575
28890000 6.95601
28900000 6.95469
28910000 6.95341
28920000 6.95206
28930000 6.95078
28940000 6.9495
28950000 6.94804
28960000 6.94639
28970000 6.94438
28980000 6.94193
28990000 6.93951
29000000 6.93767
29010000 6.93627
29020000 6.93443
29030000 6.93329
29040000 6.93204
29050000 6.9316
29060000 6.93155
29070000 6.9316
29080000 6.93161
29090000 6.93115
29100000 6.93072
29110000 6.93043
29120000 6.93028
29130000 6.93006
29140000 6.92999
29150000 6.9301
29160000 6.93042
29170000 6.93124
29180000 6.93185
29190000 6.93282
29200000 6.93379
29210000 6.93478
29220000 6.93591
29230000 6.9373
29240000 6.93892
29250000 6.94101
29260000 6.94261
29270000 6.94391
29280000 6.9454
29290000 6.94632
29300000 6.94685
29310000 6.94709
29320000 6.94756
29330000 6.94811
29340000 6.94809
29350000 6.94811
29360000 6.94754
29370000 6.94702
29380000 6.94638
29390000 6.94564
29400000 6.94519
29410000 6.94435
29420000 6.94411
29430000 6.94391
29440000 6.94397
29450000 6.94458
29460000 6.94558
29470000 6.94656
29480000 6.94787
29490000 6.94942
29500000 6.95077
29510000 6.95177
29520000 6.95273
29530000 6.9538
29540000 6.95476
29550000 6.95579
29560000 6.95665
29570000 6.95727
29580000 6.95764
29590000 6.95787
29600000 6.95779
29610000 6.95749
29620000 6.95697
29630000 6.95665
29640000 6.9567
29650000 6.95655
29660000 6.95664
29670000 6.95648
29680000 6.95645
29690000 6.95595
29700000 6.95581
29710000 6.95554
29720000 6.95522
29730000 6.95456
29740000 6.9538
29750000 6.95303
29760000 6.95242
29770000 6.95195
29780000 6.95202
29790000 6.95228
29800000 6.95228
29810000 6.95188
29820000 6.95106
29830000 6.95044
29840000 6.95002
29850000 6.94907
29860000 6.94756
29870000 6.94582
29880000 6.94425
29890000 6.94336
29900000 6.9424
29910000 6.9406
29920000 6.93867
29930000 6.93665
29940000 6.93446
29950000 6.9326
29960000 6.931
29970000 6.92947
29980000 6.9279
29990000 6.92577
30000000 6.92365
30010000 6.92138
30020000 6.91876
30030000 6.91636
30040000 6.91419
30050000 6.91184
30060000 6.9094
30070000 6.90722
30080000 6.90499
30090000 6.90221
30100000 6.89925
30110000 6.89678
30120000 6.89425
30130000 6.89173
30140000 6.88952
30150000 6.88775
30160000 6.8859
30170000 6.88398
30180000 6.88235
30190000 6.88071
30200000 6.87921
30210000 6.87783
30220000 6.87638
30230000 6.87443
30240000 6.87208
30250000 6.86941
30260000 6.86661
30270000 6.86382
30280000 6.86128
30290000 6.85888
30300000 6.85678
30310000 6.8554
30320000 6.85429
30330000 6.85348
30340000 6.85307
30350000 6.8526
30360000 6.85155
30370000 6.85019
30380000 6.84913
30390000 6.84851
30400000 6.84763
30410000 6.84681
30420000 6.84586
30430000 6.84526
30440000 6.84436
30450000 6.84347
30460000 6.84242
30470000 6.84114
30480000 6.84064
30490000 6.84049
30500000 6.8407
30510000 6.8404
30520000 6.83957
30530000 6.83867
30540000 6.83819
30550000 6.83794
30560000 6.83765
30570000 6.83708
30580000 6.83646
30590000 6.83594
30600000 6.83575
30610000 6.83621
30620000 6.83696
30630000 6.83766
30640000 6.83838
30650000 6.83838
30660000 6.83816
30670000 6.83783
30680000 6.83716
30690000 6.83665
30700000 6.83601
30710000 6.8352
30720000 6.83447
30730000 6.834
30740000 6.83385
30750000 6.83417
30760000 6.83472
30770000 6.83556
30780000 6.83634
30790000 6.83733
30800000 6.83853
30810000 6.84016
30820000 6.84198
30830000 6.84449
30840000 6.84632
30850000 6.84819
30860000 6.85058
30870000 6.85276
30880000 6.85483
30890000 6.85704
30900000 6.85954
30910000 6.86206
30920000 6.86476
30930000 6.86785
30940000 6.87093
30950000 6.8734
30960000 6.87509
30970000 6.87697
30980000 6.87911
30990000 6.88092
31000000 6.88254
31010000 6.88412
31020000 6.88543
31030000 6.88665
31040000 6.88782
31050000 6.88896
31060000 6.89006
31070000 6.89094
31080000 6.89134
31090000 6.89153
31100000 6.89172
31110000 6.89232
31120000 6.89311
31130000 6.89414
31140000 6.89525
31150000 6.89605
31160000 6.8969
31170000 6.89769
31180000 6.89863
31190000 6.89983
31200000 6.90168
31210000 6.90379
31220000 6.90551
31230000 6.90706
31240000 6.90891
31250000 6.91101
31260000 6.91275
31270000 6.91457
31280000 6.91607
31290000 6.91762
31300000 6.91923
31310000 6.92093
31320000 6.92256
31330000 6.92429
31340000 6.92648
31350000 6.92878
31360000 6.93114
31370000 6.9335
31380000 6.93589
31390000 6.9384
31400000 6.941
31410000 6.94356
31420000 6.94577
31430000 6.94715
31440000 6.94859
31450000 6.9502
31460000 6.95152
31470000 6.95272
31480000 6.95382
31490000 6.9552
31500000 6.95639
31510000 6.95755
31520000 6.95897
31530000 6.9608
31540000 6.96324
31550000 6.96537
31560000 6.96721
31570000 6.96947
31580000 6.97173
31590000 6.97352
31600000 6.97525
31610000 6.97672
31620000 6.97856
31630000 6.98029
31640000 6.98193
31650000 6.98334
31660000 6.98517
31670000 6.98735
31680000 6.98903
31690000 6.99045
31700000 6.99201
31710000 6.9938
31720000 6.99504
31730000 6.99582
31740000 6.99632
31750000 6.99697
31760000 6.99783
31770000 6.99875
31780000 6.9996
31790000 7.0005
31800000 7.00152
31810000 7.00202
31820000 7.00218
31830000 7.00283
31840000 7.00338
31850000 7.00401
31860000 7.00495
31870000 7.00608
31880000 7.0071
31890000 7.00805
31900000 7.00897
31910000 7.00969
31920000 7.01067
31930000 7.01177
31940000 7.01274
31950000 7.01295
31960000 7.01291
31970000 7.0129
31980000 7.01259
31990000 7.01214
32000000 7.01168
32010000 7.01062
32020000 7.0099
32030000 7.00954
32040000 7.00989
32050000 7.01108
32060000 7.0125
32070000 7.01416
32080000 7.01622
32090000 7.01845
32100000 7.02034
32110000 7.02203
32120000 7.02325
32130000 7.02439
32140000 7.02542
32150000 7.02611
32160000 7.02689
32170000 7.02783
32180000 7.02856
32190000 7.02947
32200000 7.0303
32210000 7.03125
32220000 7.03257
32230000 7.0345
32240000 7.03694
32250000 7.03997
32260000 7.0429
32270000 7.04612
32280000 7.04932
32290000 7.0519
32300000 7.05403
32310000 7.05602
32320000 7.05827
32330000 7.06035
32340000 7.06245
32350000 7.06469
32360000 7.06694
32370000 7.06842
32380000 7.07025
32390000 7.07235
32400000 7.0745
32410000 7.07651
32420000 7.07909
32430000 7.08137
32440000 7.08357
32450000 7.08572
32460000 7.08769
32470000 7.08969
32480000 7.09192
32490000 7.09426
32500000 7.09658
32510000 7.09894
32520000 7.10142
32530000 7.10471
32540000 7.10788
32550000 7.11101
32560000 7.11383
32570000 7.11636
32580000 7.11906
32590000 7.12131
32600000 7.12338
32610000 7.12515
32620000 7.12661
32630000 7.128
32640000 7.1286
32650000 7.12914
32660000 7.13013
32670000 7.13117
32680000 7.13209
32690000 7.13312
32700000 7.13436
32710000 7.13537
32720000 7.13623
32730000 7.1374
32740000 7.13879
32750000 7.14018
32760000 7.14125
32770000 7.14287
32780000 7.14479
32790000 7.1462
32800000 7.14746
32810000 7.14834
32820000 7.14893
32830000 7.14879
32840000 7.14934
32850000 7.14997
32860000 7.15035
32870000 7.15144
32880000 7.15301
32890000 7.1546
32900000 7.15585
32910000 7.15662
32920000 7.15734
32930000 7.15831
32940000 7.15907
32950000 7.15953
32960000 7.16001
32970000 7.16051
32980000 7.16045
32990000 7.16011
33000000 7.15891
33010000 7.15722
33020000 7.15564
33030000 7.15421
33040000 7.1534
33050000 7.15264
33060000 7.15179
33070000 7.15075
33080000 7.14948
33090000 7.14767
33100000 7.14538
33110000 7.14275
33120000 7.14031
33130000 7.13776
33140000 7.13535
33150000 7.13271
33160000 7.1306
33170000 7.12813
33180000 7.12527
33190000 7.12247
33200000 7.11962
33210000 7.1169
33220000 7.11448
33230000 7.11241
33240000 7.10995
33250000 7.10769
33260000 7.1053
33270000 7.10287
33280000 7.1012
33290000 7.09973
33300000 7.0984
33310000 7.09709
33320000 7.09588
33330000 7.09468
33340000 7.09349
33350000 7.0925
33360000 7.09148
33370000 7.09049
33380000 7.08964
33390000 7.08842
33400000 7.08705
33410000 7.08528
33420000 7.08388
33430000 7.08223
33440000 7.08044
33450000 7.07899
33460000 7.07762
33470000 7.07579
33480000 7.07414
33490000 7.07285
33500000 7.07157
33510000 7.07012
33520000 7.06875
33530000 7.06773
33540000 7.06652
33550000 7.06533
33560000 7.06397
33570000 7.06284
33580000 7.06201
33590000 7.06164
33600000 7.06169
33610000 7.0616
33620000 7.06111
33630000 7.06019
33640000 7.05887
33650000 7.0573
33660000 7.05557
33670000 7.05409
33680000 7.05266
33690000 7.05097
33700000 7.04917
33710000 7.0474
33720000 7.04649
33730000 7.04517
33740000 7.04357
33750000 7.04184
33760000 7.04014
33770000 7.03798
33780000 7.03576
33790000 7.03362
33800000 7.03183
33810000 7.02992
33820000 7.02885
33830000 7.02812
33840000 7.02751
33850000 7.02663
33860000 7.02585
33870000 7.02475
33880000 7.02316
33890000 7.02152
33900000 7.02021
33910000 7.0193
33920000 7.01859
33930000 7.01744
33940000 7.01662
33950000 7.01567
33960000 7.01491
33970000 7.01387
33980000 7.01276
33990000 7.01167
34000000 7.01029
34010000 7.00832
34020000 7.00611
34030000 7.00412
34040000 7.00228
34050000 7.00008
34060000 6.99818
34070000 6.99622
34080000 6.9939
34090000 6.99106
34100000 6.98794
34110000 6.98475
34120000 6.98162
34130000 6.97841
34140000 6.97572
34150000 6.97344
34160000 6.97125
34170000 6.96927
34180000 6.96703
34190000 6.9648
34200000 6.96242
34210000 6.95992
34220000 6.95737
34230000 6.95512
34240000 6.95324
34250000 6.95138
34260000 6.94979
34270000 6.94852
34280000 6.94743
34290000 6.94666
34300000 6.9459
34310000 6.94488
34320000 6.94354
34330000 6.94208
34340000 6.94109
34350000 6.9407
34360000 6.94024
34370000 6.93975
34380000 6.9392
34390000 6.93862
34400000 6.93804
34410000 6.9379
34420000 6.93827
34430000 6.93824
34440000 6.93809
34450000 6.9378
34460000 6.93774
34470000 6.93804
34480000 6.93852
34490000 6.93842
34500000 6.93855
34510000 6.93879
34520000 6.93883
34530000 6.93888
34540000 6.93884
34550000 6.93855
34560000 6.93864
34570000 6.93817
34580000 6.93732
34590000 6.9364
34600000 6.93547
34610000 6.93493
34620000 6.9341
34630000 6.93297
34640000 6.93163
34650000 6.92982
34660000 6.92749
34670000 6.92513
34680000 6.92347
34690000 6.92166
34700000 6.91966
34710000 6.91806
34720000 6.91638
34730000 6.91476
34740000 6.91335
34750000 6.91154
34760000 6.9095
34770000 6.90735
34780000 6.90514
34790000 6.90297
34800000 6.9014
34810000 6.90009
34820000 6.89907
34830000 6.89818
34840000 6.89815
34850000 6.89824
34860000 6.89854
34870000 6.89878
34880000 6.89842
34890000 6.89807
34900000 6.89785
34910000 6.89759
34920000 6.89715
34930000 6.89688
34940000 6.89718
34950000 6.89732
34960000 6.89763
34970000 6.89835
34980000 6.89941
34990000 6.90074
35000000 6.90193
35010000 6.90358
35020000 6.90462
35030000 6.90569
35040000 6.90661
35050000 6.9074
35060000 6.90807
35070000 6.90847
35080000 6.90923
35090000 6.91036
35100000 6.91156
35110000 6.91208
35120000 6.91265
35130000 6.91285
35140000 6.91272
35150000 6.9119
35160000 6.9111
35170000 6.91073
35180000 6.91035
35190000 6.90963
35200000 6.90897
35210000 6.90817
35220000 6.90761
35230000 6.90705
35240000 6.90593
35250000 6.90448
35260000 6.90296
35270000 6.90162
35280000 6.90051
35290000 6.89973
35300000 6.89837
35310000 6.89696
35320000 6.89577
35330000 6.8946
35340000 6.89346
35350000 6.89246
35360000 6.8917
35370000 6.8909
35380000 6.89
35390000 6.88827
35400000 6.88639
35410000 6.88442
35420000 6.88239
35430000 6.88018
35440000 6.87752
35450000 6.875
35460000 6.87265
35470000 6.87071
35480000 6.86914
35490000 6.8679
35500000 6.86674
35510000 6.86633
35520000 6.86642
35530000 6.86643
35540000 6.86641
35550000 6.86618
35560000 6.86615
35570000 6.86554
35580000 6.8651
35590000 6.86467
35600000 6.86419
35610000 6.86316
35620000 6.86186
35630000 6.86058
35640000 6.85932
35650000 6.85844
35660000 6.85806
35670000 6.85751
35680000 6.85674
35690000 6.85616
35700000 6.85555
35710000 6.85501
35720000 6.85407
35730000 6.85275
35740000 6.85193
35750000 6.85087
35760000 6.84893
35770000 6.8464
35780000 6.84377
35790000 6.84079
35800000 6.83775
35810000 6.83464
35820000 6.83125
35830000 6.82831
35840000 6.82541
35850000 6.82268
35860000 6.82059
35870000 6.81891
35880000 6.81672
35890000 6.81469
35900000 6.81239
35910000 6.81024
35920000 6.80811
35930000 6.80611
35940000 6.80418
35950000 6.80272
35960000 6.80138
35970000 6.79956
35980000 6.79788
35990000 6.79596
36000000 6.79376
36010000 6.79167
36020000 6.78995
36030000 6.78868
36040000 6.78737
36050000 6.78634
36060000 6.78503
36070000 6.78404
36080000 6.78345
36090000 6.78278
36100000 6.78187
36110000 6.7809
36120000 6.77999
36130000 6.7792
36140000 6.77809
36150000 6.77647
36160000 6.7747
36170000 6.77314
36180000 6.77151
36190000 6.77027
36200000 6.76867
36210000 6.76699
36220000 6.76534
36230000 6.76356
36240000 6.76204
36250000 6.76097
36260000 6.75953
36270000 6.75826
36280000 6.75675
36290000 6.75502
36300000 6.75347
36310000 6.75249
36320000 6.75168
36330000 6.751
36340000 6.75056
36350000 6.75057
36360000 6.75099
36370000 6.75133
36380000 6.75214
36390000 6.75297
36400000 6.75397
36410000 6.75501
36420000 6.75629
36430000 6.75767
36440000 6.75907
36450000 6.76011
36460000 6.76036
36470000 6.76086
36480000 6.761
36490000 6.76092
36500000 6.76103
36510000 6.76133
36520000 6.76092
36530000 6.7602
36540000 6.75979
36550000 6.75928
36560000 6.7589
36570000 6.75819
36580000 6.75758
36590000 6.75724
36600000 6.75709
36610000 6.75662
36620000 6.75575
36630000 6.75473
36640000 6.75384
36650000 6.75232
36660000 6.75096
36670000 6.74943
36680000 6.7481
36690000 6.7465
36700000 6.74495
36710000 6.74374
36720000 6.74266
36730000 6.74193
36740000 6.74147
36750000 6.7416
36760000 6.74159
36770000 6.74147
36780000 6.74124
36790000 6.74138
36800000 6.74093
36810000 6.74013
36820000 6.73961
36830000 6.73957
36840000 6.73921
36850000 6.739
36860000 6.73904
36870000 6.73923
36880000 6.7397
36890000 6.73991
36900000 6.74036
36910000 6.74103
36920000 6.74123
36930000 6.74146
36940000 6.74143
36950000 6.7413
36960000 6.74104
36970000 6.74127
36980000 6.74186
36990000 6.74273
37000000 6.74324
37010000 6.74385
37020000 6.74441
37030000 6.74438
37040000 6.7445
37050000 6.74493
37060000 6.74534
37070000 6.74595
37080000 6.74647
37090000 6.7473
37100000 6.74794
37110000 6.74814
37120000 6.74872
37130000 6.74956
37140000 6.75041
37150000 6.75076
37160000 6.75145
37170000 6.75281
37180000 6.75396
37190000 6.75504
37200000 6.75596
37210000 6.75649
37220000 6.75751
37230000 6.75833
37240000 6.75914
37250000 6.75983
37260000 6.76012
37270000 6.76063
37280000 6.7607
37290000 6.76011
37300000 6.75923
37310000 6.75862
37320000 6.7581
37330000 6.75763
37340000 6.75724
37350000 6.75684
37360000 6.75584
37370000 6.75489
37380000 6.75371
37390000 6.75289
37400000 6.7515
37410000 6.75029
37420000 6.74909
37430000 6.74725
37440000 6.74509
37450000 6.74265
37460000 6.73983
37470000 6.73635
37480000 6.7331
37490000 6.72985
37500000 6.72638
37510000 6.72335
37520000 6.72068
37530000 6.7186
37540000 6.717
37550000 6.71576
37560000 6.71435
37570000 6.71263
37580000 6.71157
37590000 6.71057
37600000 6.70932
37610000 6.70841
37620000 6.70715
37630000 6.70511
37640000 6.7035
37650000 6.70222
37660000 6.70053
37670000 6.69842
37680000 6.69655
37690000 6.69497
37700000 6.69364
37710000 6.69222
37720000 6.69136
37730000 6.69115
37740000 6.69077
37750000 6.69033
37760000 6.69008
37770000 6.68989
37780000 6.68971
37790000 6.68982
37800000 6.69088
37810000 6.69181
37820000 6.69231
37830000 6.69268
37840000 6.69266
37850000 6.69257
37860000 6.69255
37870000 6.69237
37880000 6.69242
37890000 6.69273
37900000 6.69332
37910000 6.69365
37920000 6.69403
37930000 6.69449
37940000 6.69507
37950000 6.69571
37960000 6.69661
37970000 6.69843
37980000 6.70015
37990000 6.70164
38000000 6.70307
38010000 6.70405
38020000 6.70482
38030000 6.70591
38040000 6.70732
38050000 6.70831
38060000 6.70882
38070000 6.70906
38080000 6.70929
38090000 6.7096
38100000 6.70986
38110000 6.71036
38120000 6.71124
38130000 6.71204
38140000 6.71325
38150000 6.71448
38160000 6.71534
38170000 6.71588
38180000 6.71657
38190000 6.71737
38200000 6.718
38210000 6.71807
38220000 6.71768
38230000 6.71763
38240000 6.71769
38250000 6.7174
38260000 6.71735
38270000 6.71715
38280000 6.71718
38290000 6.717
38300000 6.71682
38310000 6.71624
38320000 6.71601
38330000 6.71614
38340000 6.71641
38350000 6.71664
38360000 6.71738
38370000 6.71811
38380000 6.7186
38390000 6.71894
38400000 6.71958
38410000 6.72058
38420000 6.72206
38430000 6.72313
38440000 6.72421
38450000 6.72528
38460000 6.72635
38470000 6.72717
38480000 6.72782
38490000 6.72793
38500000 6.72794
38510000 6.72799
38520000 6.72812
38530000 6.72916
38540000 6.7311
38550000 6.73317
38560000 6.73569
38570000 6.73832
38580000 6.74134
38590000 6.74448
38600000 6.74724
38610000 6.75002
38620000 6.75276
38630000 6.75511
38640000 6.75698
38650000 6.75864
38660000 6.76028
38670000 6.76153
38680000 6.7623
38690000 6.76313
38700000 6.76446
38710000 6.76552
38720000 6.76642
38730000 6.76706
38740000 6.7678
38750000 6.76874
38760000 6.76989
38770000 6.77101
38780000 6.77205
38790000 6.77298
38800000 6.77351
38810000 6.77404
38820000 6.77507
38830000 6.77584
38840000 6.7763
38850000 6.77676
38860000 6.77745
38870000 6.77796
38880000 6.77889
38890000 6.78024
38900000 6.78155
38910000 6.78254
38920000 6.78356
38930000 6.78456
38940000 6.78582
38950000 6.78735
38960000 6.78889
38970000 6.79082
38980000 6.79349
38990000 6.79622
39000000 6.79845
39010000 6.80033
39020000 6.8025
39030000 6.80489
39040000 6.80714
39050000 6.80878
39060000 6.81045
39070000 6.81216
39080000 6.81382
39090000 6.81555
39100000 6.81712
39110000 6.81877
39120000 6.82036
39130000 6.82158
39140000 6.8229
39150000 6.82393
39160000 6.82457
39170000 6.82452
39180000 6.82467
39190000 6.82484
39200000 6.82462
39210000 6.82426
39220000 6.82425
39230000 6.8242
39240000 6.82402
39250000 6.82299
39260000 6.82227
39270000 6.82179
39280000 6.82128
39290000 6.82114
39300000 6.82122
39310000 6.82163
39320000 6.82188
39330000 6.82194
39340000 6.82239
39350000 6.82279
39360000 6.8231
39370000 6.82304
39380000 6.82272
39390000 6.82264
39400000 6.82242
39410000 6.82198
39420000 6.82096
39430000 6.81999
39440000 6.81919
39450000 6.8182
39460000 6.81735
39470000 6.81645
39480000 6.81566
39490000 6.81542
39500000 6.81535
39510000 6.81526
39520000 6.81529
39530000 6.81428
39540000 6.81284
39550000 6.81099
39560000 6.80931
39570000 6.80811
39580000 6.80672
39590000 6.80507
39600000 6.80346
39610000 6.80178
39620000 6.80011
39630000 6.79868
39640000 6.79663
39650000 6.79451
39660000 6.79226
39670000 6.78988
39680000 6.78757
39690000 6.78512
39700000 6.78212
39710000 6.77906
39720000 6.77567
39730000 6.77261
39740000 6.76989
39750000 6.76703
39760000 6.76431
39770000 6.76184
39780000 6.75915
39790000 6.75641
39800000 6.75381
39810000 6.75112
39820000 6.7489
39830000 6.74666
39840000 6.74449
39850000 6.74244
39860000 6.74043
39870000 6.73828
39880000 6.73566
39890000 6.73263
39900000 6.72997
39910000 6.72735
39920000 6.72466
39930000 6.72216
39940000 6.71988
39950000 6.71813
39960000 6.71597
39970000 6.71379
39980000 6.71214
39990000 6.71087
40000000 6.7096
40010000 6.70868
40020000 6.70778
40030000 6.7063
40040000 6.7048
40050000 6.70363
40060000 6.70229
40070000 6.70073
40080000 6.69958
40090000 6.69861
40100000 6.69776
40110000 6.6965
40120000 6.69541
40130000 6.69423
40140000 6.69277
40150000 6.69106
40160000 6.68901
40170000 6.68702
40180000 6.68508
40190000 6.68351
40200000 6.68204
40210000 6.68014
40220000 6.67853
40230000 6.6773
40240000 6.67653
40250000 6.67576
40260000 6.67498
40270000 6.6742
40280000 6.67315
40290000 6.67181
40300000 6.67013
40310000 6.66841
40320000 6.66641
40330000 6.66391
40340000 6.66088
40350000 6.6576
40360000 6.65489
40370000 6.65246
40380000 6.65015
40390000 6.64786
40400000 6.64611
40410000 6.64445
40420000 6.64331
40430000 6.64188
40440000 6.64018
40450000 6.63851
40460000 6.63738
40470000 6.63655
40480000 6.63565
40490000 6.63431
40500000 6.63234
40510000 6.63125
40520000 6.6305
40530000 6.6299
40540000 6.62926
40550000 6.62837
40560000 6.62797
40570000 6.62756
40580000 6.62729
40590000 6.62705
40600000 6.62693
40610000 6.62663
40620000 6.62633
40630000 6.62665
40640000 6.62704
40650000 6.628
40660000 6.62925
40670000 6.63071
40680000 6.63204
40690000 6.63271
40700000 6.63348
40710000 6.63436
40720000 6.63514
40730000 6.63602
40740000 6.63709
40750000 6.6381
40760000 6.63898
40770000 6.63919
40780000 6.63879
40790000 6.63829
40800000 6.63731
40810000 6.63569
40820000 6.63367
40830000 6.63125
40840000 6.62866
40850000 6.62602
40860000 6.6235
40870000 6.62113
40880000 6.61873
40890000 6.6165
40900000 6.61467
40910000 6.61332
40920000 6.61255
40930000 6.61144
40940000 6.61047
40950000 6.60955
40960000 6.60865
40970000 6.60806
40980000 6.60726
40990000 6.60639
41000000 6.60539
41010000 6.60439
41020000 6.60386
41030000 6.60347
41040000 6.60256
41050000 6.60198
41060000 6.60128
41070000 6.60085
41080000 6.60071
41090000 6.60054
41100000 6.60028
41110000 6.59995
41120000 6.59924
41130000 6.59786
41140000 6.59573
41150000 6.59342
41160000 6.59149
41170000 6.58971
41180000 6.58737
41190000 6.58476
41200000 6.58191
41210000 6.57887
41220000 6.57597
41230000 6.57337
41240000 6.57044
41250000 6.56724
41260000 6.56396
41270000 6.56086
41280000 6.5577
41290000 6.55465
41300000 6.55191
41310000 6.54884
41320000 6.54593
41330000 6.54296
41340000 6.5396
41350000 6.53585
41360000 6.53206
41370000 6.52828
41380000 6.52478
41390000 6.52181
41400000 6.5187
41410000 6.51569
41420000 6.51278
41430000 6.51061
41440000 6.5093
41450000 6.50802
41460000 6.50692
41470000 6.50581
41480000 6.50456
41490000 6.50344
41500000 6.50251
41510000 6.50121
41520000 6.49982
41530000 6.49763
41540000 6.49549
41550000 6.49307
41560000 6.49106
41570000 6.48856
41580000 6.48552
41590000 6.48233
41600000 6.47887
41610000 6.47571
41620000 6.47235
41630000 6.46885
41640000 6.46541
41650000 6.46238
41660000 6.45967
41670000 6.45712
41680000 6.45531
41690000 6.45388
41700000 6.45202
41710000 6.45
41720000 6.44833
41730000 6.44692
41740000 6.44605
41750000 6.44554
41760000 6.44508
41770000 6.44481
41780000 6.44477
41790000 6.44435
41800000 6.44438
41810000 6.44452
41820000 6.44468
41830000 6.44481
41840000 6.44501
41850000 6.44512
41860000 6.44454
41870000 6.44364
41880000 6.44321
41890000 6.44243
41900000 6.44093
41910000 6.43952
41920000 6.43803
41930000 6.4369
41940000 6.43554
41950000 6.4343
41960000 6.43355
41970000 6.43266
41980000 6.43199
41990000 6.43104
42000000 6.43026
42010000 6.42966
42020000 6.42906
42030000 6.42785
42040000 6.4263
42050000 6.42445
42060000 6.42279
42070000 6.42133
42080000 6.41971
42090000 6.41828
42100000 6.41715
42110000 6.41625
42120000 6.41588
42130000 6.41528
42140000 6.41465
42150000 6.41406
42160000 6.41355
42170000 6.41256
42180000 6.41198
42190000 6.41142
42200000 6.41049
42210000 6.40984
42220000 6.40885
42230000 6.40752
42240000 6.40612
42250000 6.40468
42260000 6.40303
42270000 6.40108
42280000 6.39916
42290000 6.39704
42300000 6.39484
42310000 6.39288
42320000 6.39114
42330000 6.38969
42340000 6.38839
42350000 6.38708
42360000 6.38534
42370000 6.38418
42380000 6.38284
42390000 6.38139
42400000 6.3798
42410000 6.37823
42420000 6.37696
42430000 6.37605
42440000 6.37463
42450000 6.37314
42460000 6.37171
42470000 6.37005
42480000 6.36833
42490000 6.36684
42500000 6.36533
42510000 6.36335
42520000 6.36088
42530000 6.35801
42540000 6.35494
42550000 6.35147
42560000 6.34814
42570000 6.34498
42580000 6.342
42590000 6.3396
42600000 6.33752
42610000 6.33578
42620000 6.33426
42630000 6.33297
42640000 6.33212
42650000 6.3321
42660000 6.33226
42670000 6.33226
42680000 6.33251
42690000 6.33254
42700000 6.33248
42710000 6.33234
42720000 6.33218
42730000 6.33175
42740000 6.3312
42750000 6.33085
42760000 6.33094
42770000 6.33122
42780000 6.33165
42790000 6.33235
42800000 6.33265
42810000 6.33259
42820000 6.33293
42830000 6.33355
42840000 6.33368
42850000 6.33323
42860000 6.33254
42870000 6.33142
42880000 6.33017
42890000 6.32894
42900000 6.32748
42910000 6.32632
42920000 6.32519
42930000 6.32435
42940000 6.32395
42950000 6.32408
42960000 6.32438
42970000 6.32446
42980000 6.32489
42990000 6.32549
43000000 6.32671
43010000 6.3285
43020000 6.32977
43030000 6.33115
43040000 6.33232
43050000 6.33349
43060000 6.33448
43070000 6.33545
43080000 6.33636
43090000 6.33771
43100000 6.33927
43110000 6.34072
43120000 6.34187
43130000 6.34285
43140000 6.34383
43150000 6.34501
43160000 6.34595
43170000 6.34701
43180000 6.34859
43190000 6.35031
43200000 6.35248
43210000 6.35455
43220000 6.35647
43230000 6.35831
43240000 6.36053
43250000 6.3628
43260000 6.36561
43270000 6.36843
43280000 6.37082
43290000 6.37356
43300000 6.37625
43310000 6.37941
43320000 6.38235
43330000 6.38529
43340000 6.38798
43350000 6.39025
43360000 6.39239
43370000 6.39436
43380000 6.39657
43390000 6.39877
43400000 6.40094
43410000 6.40366
43420000 6.40641
43430000 6.4096
43440000 6.4129
43450000 6.41595
43460000 6.41934
43470000 6.42325
43480000 6.42761
43490000 6.43164
43500000 6.43533
43510000 6.43907
43520000 6.44262
43530000 6.44598
43540000 6.4491
43550000 6.45221
43560000 6.45571
43570000 6.45897
43580000 6.46216
43590000 6.46548
43600000 6.46875
43610000 6.47202
43620000 6.47499
43630000 6.47797
43640000 6.48132
43650000 6.48493
43660000 6.48873
43670000 6.49329
43680000 6.49825
43690000 6.50324
43700000 6.50782
43710000 6.51281
43720000 6.51716
43730000 6.52172
43740000 6.52665
43750000 6.53161
43760000 6.5368
43770000 6.54202
43780000 6.54696
43790000 6.55163
43800000 6.55621
43810000 6.56071
43820000 6.5653
43830000 6.57004
43840000 6.574
43850000 6.57752
43860000 6.58082
43870000 6.58415
43880000 6.58757
43890000 6.59114
43900000 6.59479
43910000 6.5977
43920000 6.60062
43930000 6.60405
43940000 6.60708
43950000 6.60956
43960000 6.61226
43970000 6.61522
43980000 6.61763
43990000 6.61995
44000000 6.62243
44010000 6.62544
44020000 6.62873
44030000 6.63158
44040000 6.6343
44050000 6.6371
44060000 6.63964
44070000 6.64252
44080000 6.64563
44090000 6.64889
44100000 6.65219
44110000 6.65543
44120000 6.65832
44130000 6.66121
44140000 6.66391
44150000 6.6662
44160000 6.66763
44170000 6.6688
44180000 6.67065
44190000 6.67277
44200000 6.67502
44210000 6.67766
44220000 6.68027
44230000 6.6828
44240000 6.68495
44250000 6.68746
44260000 6.68952
44270000 6.69173
44280000 6.69385
44290000 6.69551
44300000 6.69697
44310000 6.69817
44320000 6.6998
44330000 6.70159
44340000 6.70323
44350000 6.7045
44360000 6.70565
44370000 6.70646
44380000 6.7071
44390000 6.70747
44400000 6.70765
44410000 6.70745
44420000 6.70733
44430000 6.70758
44440000 6.70825
44450000 6.70887
44460000 6.70943
44470000 6.70999
44480000 6.7106
44490000 6.71147
44500000 6.7122
44510000 6.71259
44520000 6.71309
44530000 6.71355
44540000 6.71428
44550000 6.71513
44560000 6.71557
44570000 6.71594
44580000 6.71642
44590000 6.71682
44600000 6.71695
44610000 6.71699
44620000 6.71691
44630000 6.7169
44640000 6.71726
44650000 6.71782
44660000 6.71874
44670000 6.71948
44680000 6.71978
44690000 6.72001
44700000 6.72006
44710000 6.71986
44720000 6.71996
44730000 6.71987
44740000 6.71988
44750000 6.72021
44760000 6.72023
44770000 6.72073
44780000 6.72129
44790000 6.72163
44800000 6.72186
44810000 6.72189
44820000 6.72169
44830000 6.72147
44840000 6.72064
44850000 6.71985
44860000 6.71885
44870000 6.71757
44880000 6.71662
44890000 6.71608
44900000 6.71582
44910000 6.7153
44920000 6.71455
44930000 6.71389
44940000 6.71285
44950000 6.71141
44960000 6.70954
44970000 6.70773
44980000 6.70598
44990000 6.70427
45000000 6.70296
45010000 6.70173
45020000 6.70111
45030000 6.70055
45040000 6.70017
45050000 6.69986
45060000 6.69948
45070000 6.69952
45080000 6.69989
45090000 6.69962
45100000 6.69958
45110000 6.70014
45120000 6.70036
45130000 6.70062
45140000 6.70076
45150000 6.70116
45160000 6.70207
45170000 6.70258
45180000 6.7029
45190000 6.70353
45200000 6.70411
45210000 6.70456
45220000 6.70519
45230000 6.70571
45240000 6.70604
45250000 6.70678
45260000 6.70775
45270000 6.7084
45280000 6.70865
45290000 6.70847
45300000 6.70885
45310000 6.70966
45320000 6.71063
45330000 6.71161
45340000 6.71214
45350000 6.71243
45360000 6.71257
45370000 6.7127
45380000 6.71253
45390000 6.71232
45400000 6.71201
45410000 6.71168
45420000 6.71174
45430000 6.71211
45440000 6.71232
45450000 6.71256
45460000 6.71321
45470000 6.71341
45480000 6.71319
45490000 6.71256
45500000 6.71214
45510000 6.7115
45520000 6.71078
45530000 6.71053
45540000 6.71045
45550000 6.71059
45560000 6.71071
45570000 6.71148
45580000 6.71232
45590000 6.71305
45600000 6.71362
45610000 6.71458
45620000 6.71593
45630000 6.71694
45640000 6.71791
45650000 6.71907
45660000 6.71983
45670000 6.72061
45680000 6.72125
45690000 6.72178
45700000 6.7224
45710000 6.72268
45720000 6.72324
45730000 6.724
45740000 6.72441
45750000 6.7252
45760000 6.7263
45770000 6.72756
45780000 6.72913
45790000 6.73113
45800000 6.73312
45810000 6.73545
45820000 6.73801
45830000 6.73972
45840000 6.74108
45850000 6.74235
45860000 6.74341
45870000 6.74447
45880000 6.74598
45890000 6.74721
45900000 6.74872
45910000 6.74987
45920000 6.75092
45930000 6.75191
45940000 6.75306
45950000 6.75422
45960000 6.75519
45970000 6.7566
45980000 6.75755
45990000 6.75833
46000000 6.7595
46010000 6.76109
46020000 6.76265
46030000 6.76411
46040000 6.76603
46050000 6.76792
46060000 6.76987
46070000 6.7717
46080000 6.7727
46090000 6.77396
46100000 6.77608
46110000 6.7783
46120000 6.78031
46130000 6.78194
46140000 6.78357
46150000 6.78564
46160000 6.78783
46170000 6.78973
46180000 6.79157
46190000 6.79352
46200000 6.79605
46210000 6.79881
46220000 6.80195
46230000 6.80564
46240000 6.80912
46250000 6.81213
46260000 6.81527
46270000 6.81866
46280000 6.82251
46290000 6.82637
46300000 6.83045
46310000 6.83463
46320000 6.83917
46330000 6.84353
46340000 6.84787
46350000 6.85202
46360000 6.85632
46370000 6.86098
46380000 6.86559
46390000 6.86971
46400000 6.87349
46410000 6.87695
46420000 6.88018
46430000 6.88334
46440000 6.88629
46450000 6.88956
46460000 6.89267
46470000 6.89506
46480000 6.89777
46490000 6.90023
46500000 6.9022
46510000 6.90403
46520000 6.90598
46530000 6.90761
46540000 6.90866
46550000 6.90986
46560000 6.91118
46570000 6.91254
46580000 6.91364
46590000 6.91437
46600000 6.91532
46610000 6.91597
46620000 6.91658
46630000 6.91694
46640000 6.91699
46650000 6.91753
46660000 6.91811
46670000 6.9185
46680000 6.91899
46690000 6.91972
46700000 6.92099
46710000 6.92196
46720000 6.92245
46730000 6.92289
46740000 6.92353
46750000 6.92404
46760000 6.92448
46770000 6.92443
46780000 6.92469
46790000 6.92472
46800000 6.9255
46810000 6.92641
46820000 6.92728
46830000 6.92794
46840000 6.92855
46850000 6.92905
46860000 6.92958
46870000 6.92997
46880000 6.92995
46890000 6.92965
46900000 6.92903
46910000 6.92833
46920000 6.92794
46930000 6.92739
46940000 6.92691
46950000 6.92625
46960000 6.92543
46970000 6.92434
46980000 6.92326
46990000 6.92222
47000000 6.92117
47010000 6.91992
47020000 6.91866
47030000 6.91782
47040000 6.91695
47050000 6.91557
47060000 6.91396
47070000 6.91269
47080000 6.91144
47090000 6.90965
47100000 6.9078
47110000 6.90622
47120000 6.90464
47130000 6.90325
47140000 6.90213
47150000 6.90151
47160000 6.90077
47170000 6.89986
47180000 6.89817
47190000 6.89615
47200000 6.89422
47210000 6.89178
47220000 6.88938
47230000 6.8872
47240000 6.88474
47250000 6.88273
47260000 6.88073
47270000 6.87875
47280000 6.87702
47290000 6.87585
47300000 6.87459
47310000 6.87325
47320000 6.87189
47330000 6.87052
47340000 6.86932
47350000 6.86823
47360000 6.86748
47370000 6.86711
47380000 6.86654
47390000 6.86582
47400000 6.86568
47410000 6.86535
47420000 6.86452
47430000 6.86383
47440000 6.86294
47450000 6.8621
47460000 6.86118
47470000 6.8611
47480000 6.8608
47490000 6.8602
47500000 6.85988
47510000 6.8594
47520000 6.85902
47530000 6.85856
47540000 6.85792
47550000 6.85668
47560000 6.85533
47570000 6.85421
47580000 6.85245
47590000 6.85094
47600000 6.84955
47610000 6.84775
47620000 6.84622
47630000 6.84499
47640000 6.84378
47650000 6.84259
47660000 6.8414
47670000 6.84096
47680000 6.8403
47690000 6.83963
47700000 6.83897
47710000 6.83826
47720000 6.83744
47730000 6.83671
47740000 6.83573
47750000 6.83444
47760000 6.83321
47770000 6.83166
47780000 6.83017
47790000 6.82866
47800000 6.82678
47810000 6.82458
47820000 6.82254
47830000 6.82042
47840000 6.81856
47850000 6.81653
47860000 6.81433
47870000 6.81226
47880000 6.80977
47890000 6.80685
47900000 6.80375
47910000 6.80129
47920000 6.79902
47930000 6.7968
47940000 6.79477
47950000 6.79279
47960000 6.79106
47970000 6.78904
47980000 6.78654
47990000 6.78446
48000000 6.78256
48010000 6.78107
48020000 6.77977
48030000 6.77845
48040000 6.77688
48050000 6.7752
48060000 6.77358
48070000 6.772
48080000 6.77056
48090000 6.76926
48100000 6.76843
48110000 6.76782
48120000 6.76694
48130000 6.76584
48140000 6.76416
48150000 6.76217
48160000 6.76051
48170000 6.75912
48180000 6.75796
48190000 6.75669
48200000 6.7555
48210000 6.75448
48220000 6.7536
48230000 6.75229
48240000 6.75146
48250000 6.75048
48260000 6.74908
48270000 6.74798
48280000 6.74748
48290000 6.74719
48300000 6.74717
48310000 6.7474
48320000 6.74706
48330000 6.74671
48340000 6.74646
48350000 6.74575
48360000 6.74446
48370000 6.74351
48380000 6.74254
48390000 6.74198
48400000 6.74161
48410000 6.74116
48420000 6.74026
48430000 6.73964
48440000 6.73953
48450000 6.73961
48460000 6.73983
48470000 6.74082
48480000 6.74229
48490000 6.74439
48500000 6.74666
48510000 6.74881
48520000 6.75094
48530000 6.75231
48540000 6.75374
48550000 6.75547
48560000 6.75738
48570000 6.75936
48580000 6.76138
48590000 6.76283
48600000 6.76415
48610000 6.76545
48620000 6.76664
48630000 6.76784
48640000 6.76926
48650000 6.77066
48660000 6.77222
48670000 6.77386
48680000 6.77563
48690000 6.77739
48700000 6.77868
48710000 6.78016
48720000 6.78199
48730000 6.78387
48740000 6.78582
48750000 6.78779
48760000 6.78968
48770000 6.79155
48780000 6.79305
48790000 6.79489
48800000 6.79716
48810000 6.79943
48820000 6.80121
48830000 6.80278
48840000 6.80465
48850000 6.80655
48860000 6.80847
48870000 6.81069
48880000 6.8125
48890000 6.81435
48900000 6.81645
48910000 6.81858
48920000 6.82019
48930000 6.82149
48940000 6.82235
48950000 6.82287
48960000 6.82385
48970000 6.82475
48980000 6.82511
48990000 6.82542
49000000 6.82618
49010000 6.82726
49020000 6.82813
49030000 6.82911
49040000 6.83013
49050000 6.83151
49060000 6.83267
49070000 6.83379
49080000 6.83512
49090000 6.83758
49100000 6.83995
49110000 6.84228
49120000 6.84404
49130000 6.84604
49140000 6.84767
49150000 6.84959
49160000 6.85158
49170000 6.85374
49180000 6.85592
49190000 6.85782
49200000 6.85986
49210000 6.86193
49220000 6.86392
49230000 6.86572
49240000 6.86744
49250000 6.86937
49260000 6.8712
49270000 6.87252
49280000 6.87384
49290000 6.87476
49300000 6.87532
49310000 6.87587
49320000 6.87599
49330000 6.876
49340000 6.87615
49350000 6.8763
49360000 6.87644
49370000 6.87672
49380000 6.87765
49390000 6.87841
49400000 6.87939
49410000 6.88086
49420000 6.88248
49430000 6.88377
49440000 6.88475
49450000 6.88577
49460000 6.88688
49470000 6.88777
49480000 6.88828
49490000 6.88827
49500000 6.8879
49510000 6.88777
49520000 6.88789
49530000 6.88823
49540000 6.88914
49550000 6.88992
49560000 6.89053
49570000 6.89072
49580000 6.89053
49590000 6.89002
49600000 6.88952
49610000 6.88899
49620000 6.88845
49630000 6.88766
49640000 6.88751
49650000 6.88787
49660000 6.88817
49670000 6.88866
49680000 6.88876
49690000 6.88902
49700000 6.88975
49710000 6.8905
49720000 6.89106
49730000 6.89139
49740000 6.89174
49750000 6.89241
49760000 6.89326
49770000 6.89399
49780000 6.89456
49790000 6.89498
49800000 6.89544
49810000 6.89584
49820000 6.89632
49830000 6.89657
49840000 6.89713
49850000 6.89789
49860000 6.89857
49870000 6.89972
49880000 6.90126
49890000 6.90288
49900000 6.90425
49910000 6.90575
49920000 6.90692
49930000 6.90781
49940000 6.90873
49950000 6.90878
49960000 6.90908
49970000 6.90976
49980000 6.91064
49990000 6.91163
50000000 6.91283
