Bead-Spring Polymer molecule

100 atoms
99 bonds
Coords

1 0 0 0
2 0 0 1
3 0 0 2
4 0 0 3
5 0 0 4
6 0 0 5
7 0 0 6
8 0 0 7
9 0 0 8
10 0 0 9
11 0 0 10
12 0 0 11
13 0 0 12
14 0 0 13
15 0 0 14
16 0 0 15
17 0 0 16
18 0 0 17
19 0 0 18
20 0 0 19
21 0 0 20
22 0 0 21
23 0 0 22
24 0 0 23
25 0 0 24
26 0 0 25
27 0 0 26
28 0 0 27
29 0 0 28
30 0 0 29
31 0 0 30
32 0 0 31
33 0 0 32
34 0 0 33
35 0 0 34
36 0 0 35
37 0 0 36
38 0 0 37
39 0 0 38
40 0 0 39
41 0 0 40
42 0 0 41
43 0 0 42
44 0 0 43
45 0 0 44
46 0 0 45
47 0 0 46
48 0 0 47
49 0 0 48
50 0 0 49
51 0 0 50
52 0 0 51
53 0 0 52
54 0 0 53
55 0 0 54
56 0 0 55
57 0 0 56
58 0 0 57
59 0 0 58
60 0 0 59
61 0 0 60
62 0 0 61
63 0 0 62
64 0 0 63
65 0 0 64
66 0 0 65
67 0 0 66
68 0 0 67
69 0 0 68
70 0 0 69
71 0 0 70
72 0 0 71
73 0 0 72
74 0 0 73
75 0 0 74
76 0 0 75
77 0 0 76
78 0 0 77
79 0 0 78
80 0 0 79
81 0 0 80
82 0 0 81
83 0 0 82
84 0 0 83
85 0 0 84
86 0 0 85
87 0 0 86
88 0 0 87
89 0 0 88
90 0 0 89
91 0 0 90
92 0 0 91
93 0 0 92
94 0 0 93
95 0 0 94
96 0 0 95
97 0 0 96
98 0 0 97
99 0 0 98
100 0 0 99
Types

1 1
2 2
3 2
4 2
5 2
6 2
7 2
8 2
9 2
10 2
11 2
12 2
13 2
14 2
15 2
16 2
17 2
18 2
19 2
20 2
21 2
22 2
23 2
24 2
25 2
26 2
27 2
28 2
29 2
30 2
31 2
32 2
33 2
34 2
35 2
36 2
37 2
38 2
39 2
40 2
41 2
42 2
43 2
44 2
45 2
46 2
47 2
48 2
49 2
50 2
51 2
52 2
53 2
54 2
55 2
56 2
57 2
58 2
59 2
60 2
61 2
62 2
63 2
64 2
65 2
66 2
67 2
68 2
69 2
70 2
71 2
72 2
73 2
74 2
75 2
76 2
77 2
78 2
79 2
80 2
81 2
82 2
83 2
84 2
85 2
86 2
87 2
88 2
89 2
90 2
91 2
92 2
93 2
94 2
95 2
96 2
97 2
98 2
99 2
100 2
Bonds

1 1 1 2
2 1 2 3
3 1 3 4
4 1 4 5
5 1 5 6
6 1 6 7
7 1 7 8
8 1 8 9
9 1 9 10
10 1 10 11
11 1 11 12
12 1 12 13
13 1 13 14
14 1 14 15
15 1 15 16
16 1 16 17
17 1 17 18
18 1 18 19
19 1 19 20
20 1 20 21
21 1 21 22
22 1 22 23
23 1 23 24
24 1 24 25
25 1 25 26
26 1 26 27
27 1 27 28
28 1 28 29
29 1 29 30
30 1 30 31
31 1 31 32
32 1 32 33
33 1 33 34
34 1 34 35
35 1 35 36
36 1 36 37
37 1 37 38
38 1 38 39
39 1 39 40
40 1 40 41
41 1 41 42
42 1 42 43
43 1 43 44
44 1 44 45
45 1 45 46
46 1 46 47
47 1 47 48
48 1 48 49
49 1 49 50
50 1 50 51
51 1 51 52
52 1 52 53
53 1 53 54
54 1 54 55
55 1 55 56
56 1 56 57
57 1 57 58
58 1 58 59
59 1 59 60
60 1 60 61
61 1 61 62
62 1 62 63
63 1 63 64
64 1 64 65
65 1 65 66
66 1 66 67
67 1 67 68
68 1 68 69
69 1 69 70
70 1 70 71
71 1 71 72
72 1 72 73
73 1 73 74
74 1 74 75
75 1 75 76
76 1 76 77
77 1 77 78
78 1 78 79
79 1 79 80
80 1 80 81
81 1 81 82
82 1 82 83
83 1 83 84
84 1 84 85
85 1 85 86
86 1 86 87
87 1 87 88
88 1 88 89
89 1 89 90
90 1 90 91
91 1 91 92
92 1 92 93
93 1 93 94
94 1 94 95
95 1 95 96
96 1 96 97
97 1 97 98
98 1 98 99
99 1 99 100
Special Bond Counts

1 1 0 0
2 2 0 0
3 2 0 0
4 2 0 0
5 2 0 0
6 2 0 0
7 2 0 0
8 2 0 0
9 2 0 0
10 2 0 0
11 2 0 0
12 2 0 0
13 2 0 0
14 2 0 0
15 2 0 0
16 2 0 0
17 2 0 0
18 2 0 0
19 2 0 0
20 2 0 0
21 2 0 0
22 2 0 0
23 2 0 0
24 2 0 0
25 2 0 0
26 2 0 0
27 2 0 0
28 2 0 0
29 2 0 0
30 2 0 0
31 2 0 0
32 2 0 0
33 2 0 0
34 2 0 0
35 2 0 0
36 2 0 0
37 2 0 0
38 2 0 0
39 2 0 0
40 2 0 0
41 2 0 0
42 2 0 0
43 2 0 0
44 2 0 0
45 2 0 0
46 2 0 0
47 2 0 0
48 2 0 0
49 2 0 0
50 2 0 0
51 2 0 0
52 2 0 0
53 2 0 0
54 2 0 0
55 2 0 0
56 2 0 0
57 2 0 0
58 2 0 0
59 2 0 0
60 2 0 0
61 2 0 0
62 2 0 0
63 2 0 0
64 2 0 0
65 2 0 0
66 2 0 0
67 2 0 0
68 2 0 0
69 2 0 0
70 2 0 0
71 2 0 0
72 2 0 0
73 2 0 0
74 2 0 0
75 2 0 0
76 2 0 0
77 2 0 0
78 2 0 0
79 2 0 0
80 2 0 0
81 2 0 0
82 2 0 0
83 2 0 0
84 2 0 0
85 2 0 0
86 2 0 0
87 2 0 0
88 2 0 0
89 2 0 0
90 2 0 0
91 2 0 0
92 2 0 0
93 2 0 0
94 2 0 0
95 2 0 0
96 2 0 0
97 2 0 0
98 2 0 0
99 2 0 0
100 1 0 0
Special Bonds

1 2
2 1 3
3 2 4
4 3 5
5 4 6
6 5 7
7 6 8
8 7 9
9 8 10
10 9 11
11 10 12
12 11 13
13 12 14
14 13 15
15 14 16
16 15 17
17 16 18
18 17 19
19 18 20
20 19 21
21 20 22
22 21 23
23 22 24
24 23 25
25 24 26
26 25 27
27 26 28
28 27 29
29 28 30
30 29 31
31 30 32
32 31 33
33 32 34
34 33 35
35 34 36
36 35 37
37 36 38
38 37 39
39 38 40
40 39 41
41 40 42
42 41 43
43 42 44
44 43 45
45 44 46
46 45 47
47 46 48
48 47 49
49 48 50
50 49 51
51 50 52
52 51 53
53 52 54
54 53 55
55 54 56
56 55 57
57 56 58
58 57 59
59 58 60
60 59 61
61 60 62
62 61 63
63 62 64
64 63 65
65 64 66
66 65 67
67 66 68
68 67 69
69 68 70
70 69 71
71 70 72
72 71 73
73 72 74
74 73 75
75 74 76
76 75 77
77 76 78
78 77 79
79 78 80
80 79 81
81 80 82
82 81 83
83 82 84
84 83 85
85 84 86
86 85 87
87 86 88
88 87 89
89 88 90
90 89 91
91 90 92
92 91 93
93 92 94
94 93 95
95 94 96
96 95 97
97 96 98
98 97 99
99 98 100
100 99
