# Chunk-averaged data for fix abeads_cdz and group file
# Timestep Number-of-chunks Total-count
# Chunk Coord1 Ncount density/number
420000 1000 28800
  1 0.0005 0 0
  2 0.0015 0 0
  3 0.0025 0 0
  4 0.0035 0 0
  5 0.0045 0 0
  6 0.0055 0 0
  7 0.0065 0 0
  8 0.0075 0 0
  9 0.0085 0 0
  10 0.0095 0 0
  11 0.0105 0 0
  12 0.0115 0 0
  13 0.0125 0 0
  14 0.0135 0 0
  15 0.0145 0 0
  16 0.0155 0 0
  17 0.0165 0 0
  18 0.0175 0 0
  19 0.0185 0 0
  20 0.0195 0 0
  21 0.0205 0 0
  22 0.0215 0 0
  23 0.0225 0 0
  24 0.0235 0 0
  25 0.0245 0 0
  26 0.0255 0 0
  27 0.0265 0 0
  28 0.0275 0 0
  29 0.0285 0 0
  30 0.0295 0 0
  31 0.0305 0 0
  32 0.0315 0 0
  33 0.0325 0 0
  34 0.0335 0 0
  35 0.0345 0 0
  36 0.0355 0 0
  37 0.0365 0 0
  38 0.0375 0 0
  39 0.0385 0 0
  40 0.0395 0 0
  41 0.0405 0 0
  42 0.0415 0 0
  43 0.0425 0 0
  44 0.0435 0 0
  45 0.0445 0 0
  46 0.0455 0 0
  47 0.0465 0 0
  48 0.0475 0 0
  49 0.0485 0 0
  50 0.0495 0 0
  51 0.0505 0 0
  52 0.0515 0 0
  53 0.0525 0 0
  54 0.0535 0 0
  55 0.0545 0 0
  56 0.0555 0 0
  57 0.0565 0 0
  58 0.0575 0 0
  59 0.0585 0 0
  60 0.0595 0 0
  61 0.0605 0 0
  62 0.0615 0 0
  63 0.0625 0 0
  64 0.0635 0 0
  65 0.0645 0 0
  66 0.0655 0 0
  67 0.0665 0 0
  68 0.0675 0 0
  69 0.0685 0 0
  70 0.0695 0.00142857 6.67584e-06
  71 0.0705 0.00142857 6.67584e-06
  72 0.0715 0.00285714 1.33517e-05
  73 0.0725 0.0185714 8.6786e-05
  74 0.0735 0.0771429 0.000360496
  75 0.0745 0.257143 0.00120165
  76 0.0755 0.67 0.00313097
  77 0.0765 1.62571 0.00759711
  78 0.0775 3.54857 0.0165828
  79 0.0785 7.13571 0.0333458
  80 0.0795 13.09 0.0611707
  81 0.0805 21.9871 0.102748
  82 0.0815 32.7157 0.152883
  83 0.0825 44.6743 0.208767
  84 0.0835 54.4086 0.254256
  85 0.0845 60.2729 0.28166
  86 0.0855 59.7586 0.279257
  87 0.0865 53.5929 0.250444
  88 0.0875 44.3914 0.207445
  89 0.0885 32.5457 0.152089
  90 0.0895 21.6829 0.101326
  91 0.0905 13.56 0.0633671
  92 0.0915 8.16 0.0381324
  93 0.0925 5.94286 0.0277715
  94 0.0935 6.36714 0.0297542
  95 0.0945 10.5286 0.049201
  96 0.0955 19.7486 0.0922869
  97 0.0965 34.0057 0.158912
  98 0.0975 53.6829 0.250865
  99 0.0985 75.4229 0.352458
  100 0.0995 97.8014 0.457035
  101 0.1005 114.306 0.534161
  102 0.1015 121.391 0.567273
  103 0.1025 118.904 0.55565
  104 0.1035 114.823 0.536578
  105 0.1045 110.276 0.515328
  106 0.1055 107.437 0.502063
  107 0.1065 107.764 0.503592
  108 0.1075 109.693 0.512605
  109 0.1085 112.571 0.526056
  110 0.1095 115.349 0.539034
  111 0.1105 118.737 0.554869
  112 0.1115 120.06 0.561051
  113 0.1125 121.993 0.570084
  114 0.1135 122.191 0.571012
  115 0.1145 120.737 0.564216
  116 0.1155 118.4 0.553294
  117 0.1165 114.269 0.533987
  118 0.1175 110.914 0.518312
  119 0.1185 105.939 0.49506
  120 0.1195 101.724 0.475367
  121 0.1205 99.3929 0.464472
  122 0.1215 97.5671 0.45594
  123 0.1225 96.4843 0.45088
  124 0.1235 96.3329 0.450172
  125 0.1245 96.9671 0.453136
  126 0.1255 97.8114 0.457082
  127 0.1265 99.3643 0.464338
  128 0.1275 100.827 0.471174
  129 0.1285 100.649 0.47034
  130 0.1295 100.414 0.469245
  131 0.1305 100.543 0.469846
  132 0.1315 100.284 0.468637
  133 0.1325 99.5729 0.465313
  134 0.1335 98.16 0.458711
  135 0.1345 98.2629 0.459191
  136 0.1355 97.7371 0.456734
  137 0.1365 98.4214 0.459932
  138 0.1375 100.264 0.468544
  139 0.1385 101.2 0.472917
  140 0.1395 102.241 0.477783
  141 0.1405 103.823 0.485174
  142 0.1415 105.101 0.491148
  143 0.1425 106.261 0.496569
  144 0.1435 107.166 0.500795
  145 0.1445 108.011 0.504747
  146 0.1455 107.936 0.504393
  147 0.1465 108.351 0.506336
  148 0.1475 108.853 0.508679
  149 0.1485 107.864 0.50406
  150 0.1495 108.669 0.507818
  151 0.1505 108.656 0.507758
  152 0.1515 109.646 0.512384
  153 0.1525 109.529 0.511837
  154 0.1535 110.153 0.514754
  155 0.1545 110.78 0.517685
  156 0.1555 110.727 0.517438
  157 0.1565 110.446 0.516123
  158 0.1575 110.937 0.518419
  159 0.1585 111.566 0.521357
  160 0.1595 110.68 0.517218
  161 0.1605 110.553 0.516623
  162 0.1615 110.431 0.516056
  163 0.1625 109.714 0.512705
  164 0.1635 108.907 0.508933
  165 0.1645 109.339 0.510949
  166 0.1655 109.661 0.512458
  167 0.1665 109.881 0.513486
  168 0.1675 109.216 0.510375
  169 0.1685 109.231 0.510448
  170 0.1695 110.101 0.514514
  171 0.1705 110.226 0.515095
  172 0.1715 109.96 0.513853
  173 0.1725 110.497 0.516363
  174 0.1735 110.989 0.51866
  175 0.1745 110.321 0.515542
  176 0.1755 111.109 0.51922
  177 0.1765 110.859 0.518052
  178 0.1775 111.906 0.522945
  179 0.1785 111.906 0.522945
  180 0.1795 112.414 0.525322
  181 0.1805 113.126 0.528647
  182 0.1815 113.19 0.528947
  183 0.1825 113.436 0.530095
  184 0.1835 115.22 0.538433
  185 0.1845 115.703 0.54069
  186 0.1855 115.22 0.538433
  187 0.1865 116.72 0.545443
  188 0.1875 116.041 0.542272
  189 0.1885 117.481 0.549001
  190 0.1895 117.984 0.551351
  191 0.1905 119.056 0.556358
  192 0.1915 119.263 0.557326
  193 0.1925 119.033 0.556251
  194 0.1935 119.271 0.557366
  195 0.1945 119.677 0.559262
  196 0.1955 119.603 0.558915
  197 0.1965 120.619 0.563661
  198 0.1975 120.621 0.563675
  199 0.1985 120.961 0.565264
  200 0.1995 121.349 0.567073
  201 0.2005 121.07 0.565771
  202 0.2015 121.314 0.566913
  203 0.2025 121.921 0.56975
  204 0.2035 120.341 0.562366
  205 0.2045 119.956 0.560564
  206 0.2055 119.627 0.559028
  207 0.2065 119.816 0.55991
  208 0.2075 119.096 0.556545
  209 0.2085 119 0.556098
  210 0.2095 118.953 0.555877
  211 0.2105 118.87 0.55549
  212 0.2115 118.069 0.551745
  213 0.2125 118.184 0.552286
  214 0.2135 117.669 0.549876
  215 0.2145 117.529 0.549222
  216 0.2155 116.86 0.546097
  217 0.2165 117.241 0.54788
  218 0.2175 117.666 0.549862
  219 0.2185 118.564 0.554062
  220 0.2195 118.623 0.554335
  221 0.2205 119.017 0.556178
  222 0.2215 120.474 0.562987
  223 0.2225 121.199 0.566372
  224 0.2235 121.904 0.56967
  225 0.2245 123.09 0.575211
  226 0.2255 124.419 0.581419
  227 0.2265 125.911 0.588395
  228 0.2275 127.939 0.597868
  229 0.2285 130.589 0.610252
  230 0.2295 132.657 0.619919
  231 0.2305 134.486 0.628464
  232 0.2315 136.804 0.639299
  233 0.2325 137.94 0.644606
  234 0.2335 139.701 0.652837
  235 0.2345 142.411 0.665501
  236 0.2355 143.216 0.66926
  237 0.2365 144.787 0.676603
  238 0.2375 146.241 0.683399
  239 0.2385 147.539 0.689461
  240 0.2395 147.179 0.687779
  241 0.2405 147.067 0.687258
  242 0.2415 144.074 0.673272
  243 0.2425 141.751 0.662417
  244 0.2435 138.677 0.648051
  245 0.2445 134.977 0.63076
  246 0.2455 129.747 0.60632
  247 0.2465 124.896 0.583649
  248 0.2475 121.864 0.569483
  249 0.2485 117.893 0.550924
  250 0.2495 115.714 0.540743
  251 0.2505 113.483 0.530316
  252 0.2515 111.697 0.521971
  253 0.2525 110.073 0.51438
  254 0.2535 109.149 0.510061
  255 0.2545 108.507 0.507064
  256 0.2555 107.313 0.501483
  257 0.2565 107.014 0.500087
  258 0.2575 105.891 0.49484
  259 0.2585 104.124 0.486582
  260 0.2595 103.483 0.483585
  261 0.2605 102.296 0.478037
  262 0.2615 100.594 0.470086
  263 0.2625 98.3186 0.459452
  264 0.2635 96.3371 0.450192
  265 0.2645 94.5443 0.441814
  266 0.2655 92.7457 0.433409
  267 0.2665 91.47 0.427448
  268 0.2675 90.6229 0.423489
  269 0.2685 89.7057 0.419203
  270 0.2695 88.16 0.41198
  271 0.2705 87.5786 0.409263
  272 0.2715 86.6457 0.404903
  273 0.2725 84.9 0.396745
  274 0.2735 84.3314 0.394088
  275 0.2745 83.9857 0.392473
  276 0.2755 82.8043 0.386952
  277 0.2765 82.7257 0.386585
  278 0.2775 81.62 0.381418
  279 0.2785 80.4457 0.37593
  280 0.2795 79.2943 0.370549
  281 0.2805 79.4257 0.371164
  282 0.2815 78.2514 0.365676
  283 0.2825 77.2786 0.36113
  284 0.2835 77.3843 0.361624
  285 0.2845 75.8614 0.354507
  286 0.2855 76.1343 0.355782
  287 0.2865 75.4643 0.352651
  288 0.2875 74.6429 0.348813
  289 0.2885 74.6114 0.348666
  290 0.2895 73.9743 0.345688
  291 0.2905 73.7214 0.344507
  292 0.2915 72.3257 0.337985
  293 0.2925 72.7371 0.339907
  294 0.2935 71.7686 0.335381
  295 0.2945 71.7657 0.335368
  296 0.2955 70.5314 0.3296
  297 0.2965 70.1543 0.327837
  298 0.2975 69.0557 0.322704
  299 0.2985 68.9729 0.322316
  300 0.2995 67.9229 0.31741
  301 0.3005 67.3057 0.314526
  302 0.3015 66.99 0.31305
  303 0.3025 66.7 0.311695
  304 0.3035 66.55 0.310994
  305 0.3045 65.6329 0.306708
  306 0.3055 64.9643 0.303584
  307 0.3065 64.6386 0.302062
  308 0.3075 64.2257 0.300133
  309 0.3085 63.5914 0.297168
  310 0.3095 63.5071 0.296775
  311 0.3105 63.1386 0.295052
  312 0.3115 62.2386 0.290846
  313 0.3125 61.8557 0.289057
  314 0.3135 61.02 0.285152
  315 0.3145 60.0286 0.280519
  316 0.3155 60.45 0.282488
  317 0.3165 59.5043 0.278069
  318 0.3175 58.7786 0.274678
  319 0.3185 58.0114 0.271093
  320 0.3195 57.7743 0.269984
  321 0.3205 57.3929 0.268202
  322 0.3215 56.8271 0.265558
  323 0.3225 57.1214 0.266934
  324 0.3235 56.2229 0.262734
  325 0.3245 55.7943 0.260732
  326 0.3255 55.9029 0.261239
  327 0.3265 54.6829 0.255538
  328 0.3275 54.8771 0.256446
  329 0.3285 53.6914 0.250905
  330 0.3295 53.46 0.249823
  331 0.3305 53.1043 0.248161
  332 0.3315 53.0014 0.24768
  333 0.3325 52.5371 0.245511
  334 0.3335 51.7843 0.241993
  335 0.3345 51.7957 0.242046
  336 0.3355 51.45 0.24043
  337 0.3365 51.1657 0.239102
  338 0.3375 50.6343 0.236619
  339 0.3385 51.0386 0.238508
  340 0.3395 50.5114 0.236044
  341 0.3405 49.7814 0.232633
  342 0.3415 50.5186 0.236078
  343 0.3425 49.8629 0.233014
  344 0.3435 49.8886 0.233134
  345 0.3445 48.9957 0.228961
  346 0.3455 48.6671 0.227426
  347 0.3465 48.1214 0.224876
  348 0.3475 48.3143 0.225777
  349 0.3485 47.48 0.221878
  350 0.3495 47.3386 0.221217
  351 0.3505 46.6386 0.217946
  352 0.3515 46.51 0.217345
  353 0.3525 46.1114 0.215483
  354 0.3535 46.5929 0.217733
  355 0.3545 45.9086 0.214535
  356 0.3555 46.1471 0.21565
  357 0.3565 45.5971 0.21308
  358 0.3575 45.4371 0.212332
  359 0.3585 45.2786 0.211591
  360 0.3595 44.4629 0.207779
  361 0.3605 44.3957 0.207465
  362 0.3615 44.1229 0.20619
  363 0.3625 43.13 0.20155
  364 0.3635 42.9129 0.200536
  365 0.3645 42.6029 0.199087
  366 0.3655 42.2586 0.197478
  367 0.3665 42.0529 0.196517
  368 0.3675 42.0157 0.196343
  369 0.3685 41.7971 0.195322
  370 0.3695 41.2414 0.192725
  371 0.3705 41.1743 0.192411
  372 0.3715 41.0557 0.191857
  373 0.3725 41.1529 0.192311
  374 0.3735 40.4014 0.1888
  375 0.3745 39.84 0.186176
  376 0.3755 40.2543 0.188112
  377 0.3765 39.6829 0.185442
  378 0.3775 39.8 0.185989
  379 0.3785 39.6114 0.185108
  380 0.3795 38.8757 0.18167
  381 0.3805 39.1543 0.182972
  382 0.3815 38.8557 0.181576
  383 0.3825 38.04 0.177764
  384 0.3835 37.92 0.177204
  385 0.3845 37.7243 0.176289
  386 0.3855 37.3471 0.174527
  387 0.3865 36.8614 0.172257
  388 0.3875 36.4614 0.170388
  389 0.3885 36.2971 0.16962
  390 0.3895 35.8843 0.16769
  391 0.3905 35.9757 0.168118
  392 0.3915 35.65 0.166596
  393 0.3925 35.5986 0.166355
  394 0.3935 35.05 0.163792
  395 0.3945 34.8129 0.162684
  396 0.3955 34.7743 0.162503
  397 0.3965 34.6343 0.161849
  398 0.3975 34.2657 0.160127
  399 0.3985 33.6643 0.157316
  400 0.3995 33.4214 0.156181
  401 0.4005 32.9114 0.153798
  402 0.4015 33.2314 0.155293
  403 0.4025 32.5557 0.152136
  404 0.4035 32.3371 0.151114
  405 0.4045 32.1986 0.150467
  406 0.4055 32.0771 0.149899
  407 0.4065 31.3886 0.146682
  408 0.4075 30.8257 0.144051
  409 0.4085 29.8957 0.139705
  410 0.4095 29.7843 0.139185
  411 0.4105 29.0714 0.135853
  412 0.4115 28.7771 0.134478
  413 0.4125 28.6071 0.133684
  414 0.4135 28.4729 0.133056
  415 0.4145 27.5557 0.12877
  416 0.4155 27.2929 0.127542
  417 0.4165 27.2214 0.127208
  418 0.4175 26.6929 0.124738
  419 0.4185 26.4957 0.123817
  420 0.4195 25.8743 0.120913
  421 0.4205 25.53 0.119304
  422 0.4215 25.3429 0.118429
  423 0.4225 24.9814 0.11674
  424 0.4235 24.4757 0.114377
  425 0.4245 23.85 0.111453
  426 0.4255 24.0471 0.112374
  427 0.4265 23.4971 0.109804
  428 0.4275 22.7986 0.10654
  429 0.4285 22.5271 0.105271
  430 0.4295 22.15 0.103509
  431 0.4305 22.2371 0.103916
  432 0.4315 21.5271 0.100598
  433 0.4325 21.7814 0.101787
  434 0.4335 21.27 0.0993966
  435 0.4345 20.8029 0.0972136
  436 0.4355 20.4057 0.0953577
  437 0.4365 20.1114 0.0939825
  438 0.4375 19.6786 0.0919597
  439 0.4385 19.5743 0.0914724
  440 0.4395 19.1214 0.0893562
  441 0.4405 18.8243 0.0879676
  442 0.4415 18.5071 0.0864855
  443 0.4425 17.8771 0.0835415
  444 0.4435 17.7486 0.0829407
  445 0.4445 17.3257 0.0809646
  446 0.4455 16.82 0.0786014
  447 0.4465 16.66 0.0778537
  448 0.4475 16.38 0.0765452
  449 0.4485 15.8257 0.073955
  450 0.4495 15.4443 0.0721725
  451 0.4505 15.0943 0.070537
  452 0.4515 15.0129 0.0701564
  453 0.4525 14.7829 0.0690816
  454 0.4535 14.0529 0.0656703
  455 0.4545 14.0329 0.0655768
  456 0.4555 13.5514 0.063327
  457 0.4565 13.1129 0.0612776
  458 0.4575 12.8686 0.060136
  459 0.4585 12.2971 0.0574657
  460 0.4595 12.2186 0.0570985
  461 0.4605 11.5786 0.0541077
  462 0.4615 10.8571 0.0507364
  463 0.4625 10.3314 0.0482797
  464 0.4635 9.85857 0.04607
  465 0.4645 9.59143 0.0448216
  466 0.4655 8.72286 0.0407627
  467 0.4665 8.36857 0.0391071
  468 0.4675 7.87857 0.0368173
  469 0.4685 7.34571 0.0343272
  470 0.4695 6.74714 0.03153
  471 0.4705 6.30429 0.0294605
  472 0.4715 5.64571 0.0263829
  473 0.4725 5.27714 0.0246606
  474 0.4735 4.64429 0.0217032
  475 0.4745 4.04143 0.018886
  476 0.4755 3.49429 0.0163291
  477 0.4765 2.90857 0.013592
  478 0.4775 2.39 0.0111687
  479 0.4785 1.97286 0.00921934
  480 0.4795 1.57429 0.00735678
  481 0.4805 1.35429 0.0063287
  482 0.4815 1.19429 0.005581
  483 0.4825 1.12286 0.00524721
  484 0.4835 1.09143 0.00510034
  485 0.4845 1.00143 0.00467977
  486 0.4855 1.03143 0.00481996
  487 0.4865 1.05714 0.00494012
  488 0.4875 0.987143 0.00461301
  489 0.4885 1.04571 0.00488672
  490 0.4895 0.93 0.00434597
  491 0.4905 0.91 0.00425251
  492 0.4915 0.777143 0.00363166
  493 0.4925 0.632857 0.0029574
  494 0.4935 0.578571 0.00270372
  495 0.4945 0.412857 0.00192932
  496 0.4955 0.27 0.00126173
  497 0.4965 0.162857 0.000761046
  498 0.4975 0.0885714 0.000413902
  499 0.4985 0.0528571 0.000247006
  500 0.4995 0.0257143 0.000120165
  501 0.5005 0.0114286 5.34067e-05
  502 0.5015 0.00714286 3.33792e-05
  503 0.5025 0 0
  504 0.5035 0 0
  505 0.5045 0 0
  506 0.5055 0 0
  507 0.5065 0 0
  508 0.5075 0 0
  509 0.5085 0 0
  510 0.5095 0 0
  511 0.5105 0 0
  512 0.5115 0 0
  513 0.5125 0 0
  514 0.5135 0 0
  515 0.5145 0 0
  516 0.5155 0 0
  517 0.5165 0 0
  518 0.5175 0 0
  519 0.5185 0 0
  520 0.5195 0 0
  521 0.5205 0 0
  522 0.5215 0 0
  523 0.5225 0 0
  524 0.5235 0 0
  525 0.5245 0 0
  526 0.5255 0 0
  527 0.5265 0 0
  528 0.5275 0 0
  529 0.5285 0 0
  530 0.5295 0 0
  531 0.5305 0 0
  532 0.5315 0 0
  533 0.5325 0 0
  534 0.5335 0 0
  535 0.5345 0 0
  536 0.5355 0 0
  537 0.5365 0 0
  538 0.5375 0 0
  539 0.5385 0 0
  540 0.5395 0 0
  541 0.5405 0 0
  542 0.5415 0 0
  543 0.5425 0 0
  544 0.5435 0 0
  545 0.5445 0 0
  546 0.5455 0 0
  547 0.5465 0 0
  548 0.5475 0 0
  549 0.5485 0 0
  550 0.5495 0 0
  551 0.5505 0 0
  552 0.5515 0 0
  553 0.5525 0 0
  554 0.5535 0 0
  555 0.5545 0 0
  556 0.5555 0 0
  557 0.5565 0 0
  558 0.5575 0 0
  559 0.5585 0 0
  560 0.5595 0 0
  561 0.5605 0 0
  562 0.5615 0 0
  563 0.5625 0 0
  564 0.5635 0 0
  565 0.5645 0 0
  566 0.5655 0 0
  567 0.5665 0 0
  568 0.5675 0 0
  569 0.5685 0 0
  570 0.5695 0 0
  571 0.5705 0 0
  572 0.5715 0 0
  573 0.5725 0 0
  574 0.5735 0 0
  575 0.5745 0 0
  576 0.5755 0 0
  577 0.5765 0 0
  578 0.5775 0 0
  579 0.5785 0 0
  580 0.5795 0 0
  581 0.5805 0 0
  582 0.5815 0 0
  583 0.5825 0 0
  584 0.5835 0 0
  585 0.5845 0 0
  586 0.5855 0 0
  587 0.5865 0 0
  588 0.5875 0 0
  589 0.5885 0 0
  590 0.5895 0 0
  591 0.5905 0 0
  592 0.5915 0 0
  593 0.5925 0 0
  594 0.5935 0 0
  595 0.5945 0 0
  596 0.5955 0 0
  597 0.5965 0 0
  598 0.5975 0 0
  599 0.5985 0 0
  600 0.5995 0 0
  601 0.6005 0 0
  602 0.6015 0 0
  603 0.6025 0 0
  604 0.6035 0 0
  605 0.6045 0 0
  606 0.6055 0 0
  607 0.6065 0 0
  608 0.6075 0 0
  609 0.6085 0 0
  610 0.6095 0 0
  611 0.6105 0 0
  612 0.6115 0 0
  613 0.6125 0 0
  614 0.6135 0 0
  615 0.6145 0 0
  616 0.6155 0 0
  617 0.6165 0 0
  618 0.6175 0 0
  619 0.6185 0 0
  620 0.6195 0 0
  621 0.6205 0 0
  622 0.6215 0 0
  623 0.6225 0 0
  624 0.6235 0 0
  625 0.6245 0 0
  626 0.6255 0 0
  627 0.6265 0 0
  628 0.6275 0 0
  629 0.6285 0 0
  630 0.6295 0 0
  631 0.6305 0 0
  632 0.6315 0 0
  633 0.6325 0 0
  634 0.6335 0 0
  635 0.6345 0 0
  636 0.6355 0 0
  637 0.6365 0 0
  638 0.6375 0 0
  639 0.6385 0 0
  640 0.6395 0 0
  641 0.6405 0 0
  642 0.6415 0 0
  643 0.6425 0 0
  644 0.6435 0 0
  645 0.6445 0 0
  646 0.6455 0 0
  647 0.6465 0 0
  648 0.6475 0 0
  649 0.6485 0 0
  650 0.6495 0 0
  651 0.6505 0 0
  652 0.6515 0 0
  653 0.6525 0 0
  654 0.6535 0 0
  655 0.6545 0 0
  656 0.6555 0 0
  657 0.6565 0 0
  658 0.6575 0 0
  659 0.6585 0 0
  660 0.6595 0 0
  661 0.6605 0 0
  662 0.6615 0 0
  663 0.6625 0 0
  664 0.6635 0 0
  665 0.6645 0 0
  666 0.6655 0 0
  667 0.6665 0 0
  668 0.6675 0 0
  669 0.6685 0 0
  670 0.6695 0 0
  671 0.6705 0 0
  672 0.6715 0 0
  673 0.6725 0 0
  674 0.6735 0 0
  675 0.6745 0 0
  676 0.6755 0 0
  677 0.6765 0 0
  678 0.6775 0 0
  679 0.6785 0 0
  680 0.6795 0 0
  681 0.6805 0 0
  682 0.6815 0 0
  683 0.6825 0 0
  684 0.6835 0 0
  685 0.6845 0 0
  686 0.6855 0 0
  687 0.6865 0 0
  688 0.6875 0 0
  689 0.6885 0 0
  690 0.6895 0 0
  691 0.6905 0 0
  692 0.6915 0 0
  693 0.6925 0 0
  694 0.6935 0 0
  695 0.6945 0 0
  696 0.6955 0 0
  697 0.6965 0 0
  698 0.6975 0 0
  699 0.6985 0 0
  700 0.6995 0 0
  701 0.7005 0 0
  702 0.7015 0 0
  703 0.7025 0 0
  704 0.7035 0 0
  705 0.7045 0 0
  706 0.7055 0 0
  707 0.7065 0 0
  708 0.7075 0 0
  709 0.7085 0 0
  710 0.7095 0 0
  711 0.7105 0 0
  712 0.7115 0 0
  713 0.7125 0 0
  714 0.7135 0 0
  715 0.7145 0 0
  716 0.7155 0 0
  717 0.7165 0 0
  718 0.7175 0 0
  719 0.7185 0 0
  720 0.7195 0 0
  721 0.7205 0 0
  722 0.7215 0 0
  723 0.7225 0 0
  724 0.7235 0 0
  725 0.7245 0 0
  726 0.7255 0 0
  727 0.7265 0 0
  728 0.7275 0 0
  729 0.7285 0 0
  730 0.7295 0 0
  731 0.7305 0 0
  732 0.7315 0 0
  733 0.7325 0 0
  734 0.7335 0 0
  735 0.7345 0 0
  736 0.7355 0 0
  737 0.7365 0 0
  738 0.7375 0 0
  739 0.7385 0 0
  740 0.7395 0 0
  741 0.7405 0 0
  742 0.7415 0 0
  743 0.7425 0 0
  744 0.7435 0 0
  745 0.7445 0 0
  746 0.7455 0 0
  747 0.7465 0 0
  748 0.7475 0 0
  749 0.7485 0 0
  750 0.7495 0 0
  751 0.7505 0 0
  752 0.7515 0 0
  753 0.7525 0 0
  754 0.7535 0 0
  755 0.7545 0 0
  756 0.7555 0 0
  757 0.7565 0 0
  758 0.7575 0 0
  759 0.7585 0 0
  760 0.7595 0 0
  761 0.7605 0 0
  762 0.7615 0 0
  763 0.7625 0 0
  764 0.7635 0 0
  765 0.7645 0 0
  766 0.7655 0 0
  767 0.7665 0 0
  768 0.7675 0 0
  769 0.7685 0 0
  770 0.7695 0 0
  771 0.7705 0 0
  772 0.7715 0 0
  773 0.7725 0 0
  774 0.7735 0 0
  775 0.7745 0 0
  776 0.7755 0 0
  777 0.7765 0 0
  778 0.7775 0 0
  779 0.7785 0 0
  780 0.7795 0 0
  781 0.7805 0 0
  782 0.7815 0 0
  783 0.7825 0 0
  784 0.7835 0 0
  785 0.7845 0 0
  786 0.7855 0 0
  787 0.7865 0 0
  788 0.7875 0 0
  789 0.7885 0 0
  790 0.7895 0 0
  791 0.7905 0 0
  792 0.7915 0 0
  793 0.7925 0 0
  794 0.7935 0 0
  795 0.7945 0 0
  796 0.7955 0 0
  797 0.7965 0 0
  798 0.7975 0 0
  799 0.7985 0 0
  800 0.7995 0 0
  801 0.8005 0 0
  802 0.8015 0 0
  803 0.8025 0 0
  804 0.8035 0 0
  805 0.8045 0 0
  806 0.8055 0 0
  807 0.8065 0 0
  808 0.8075 0 0
  809 0.8085 0 0
  810 0.8095 0 0
  811 0.8105 0 0
  812 0.8115 0 0
  813 0.8125 0 0
  814 0.8135 0 0
  815 0.8145 0 0
  816 0.8155 0 0
  817 0.8165 0 0
  818 0.8175 0 0
  819 0.8185 0 0
  820 0.8195 0 0
  821 0.8205 0 0
  822 0.8215 0 0
  823 0.8225 0 0
  824 0.8235 0 0
  825 0.8245 0 0
  826 0.8255 0 0
  827 0.8265 0 0
  828 0.8275 0 0
  829 0.8285 0 0
  830 0.8295 0 0
  831 0.8305 0 0
  832 0.8315 0 0
  833 0.8325 0 0
  834 0.8335 0 0
  835 0.8345 0 0
  836 0.8355 0 0
  837 0.8365 0 0
  838 0.8375 0 0
  839 0.8385 0 0
  840 0.8395 0 0
  841 0.8405 0 0
  842 0.8415 0 0
  843 0.8425 0 0
  844 0.8435 0 0
  845 0.8445 0 0
  846 0.8455 0 0
  847 0.8465 0 0
  848 0.8475 0 0
  849 0.8485 0 0
  850 0.8495 0 0
  851 0.8505 0 0
  852 0.8515 0 0
  853 0.8525 0 0
  854 0.8535 0 0
  855 0.8545 0 0
  856 0.8555 0 0
  857 0.8565 0 0
  858 0.8575 0 0
  859 0.8585 0 0
  860 0.8595 0 0
  861 0.8605 0 0
  862 0.8615 0 0
  863 0.8625 0 0
  864 0.8635 0 0
  865 0.8645 0 0
  866 0.8655 0 0
  867 0.8665 0 0
  868 0.8675 0 0
  869 0.8685 0 0
  870 0.8695 0 0
  871 0.8705 0 0
  872 0.8715 0 0
  873 0.8725 0 0
  874 0.8735 0 0
  875 0.8745 0 0
  876 0.8755 0 0
  877 0.8765 0 0
  878 0.8775 0 0
  879 0.8785 0 0
  880 0.8795 0 0
  881 0.8805 0 0
  882 0.8815 0 0
  883 0.8825 0 0
  884 0.8835 0 0
  885 0.8845 0 0
  886 0.8855 0 0
  887 0.8865 0 0
  888 0.8875 0 0
  889 0.8885 0 0
  890 0.8895 0 0
  891 0.8905 0 0
  892 0.8915 0 0
  893 0.8925 0 0
  894 0.8935 0 0
  895 0.8945 0 0
  896 0.8955 0 0
  897 0.8965 0 0
  898 0.8975 0 0
  899 0.8985 0 0
  900 0.8995 0 0
  901 0.9005 0 0
  902 0.9015 0 0
  903 0.9025 0 0
  904 0.9035 0 0
  905 0.9045 0 0
  906 0.9055 0 0
  907 0.9065 0 0
  908 0.9075 0 0
  909 0.9085 0 0
  910 0.9095 0 0
  911 0.9105 0 0
  912 0.9115 0 0
  913 0.9125 0 0
  914 0.9135 0 0
  915 0.9145 0 0
  916 0.9155 0 0
  917 0.9165 0 0
  918 0.9175 0 0
  919 0.9185 0 0
  920 0.9195 0 0
  921 0.9205 0 0
  922 0.9215 0 0
  923 0.9225 0 0
  924 0.9235 0 0
  925 0.9245 0 0
  926 0.9255 0 0
  927 0.9265 0 0
  928 0.9275 0 0
  929 0.9285 0 0
  930 0.9295 0 0
  931 0.9305 0 0
  932 0.9315 0 0
  933 0.9325 0 0
  934 0.9335 0 0
  935 0.9345 0 0
  936 0.9355 0 0
  937 0.9365 0 0
  938 0.9375 0 0
  939 0.9385 0 0
  940 0.9395 0 0
  941 0.9405 0 0
  942 0.9415 0 0
  943 0.9425 0 0
  944 0.9435 0 0
  945 0.9445 0 0
  946 0.9455 0 0
  947 0.9465 0 0
  948 0.9475 0 0
  949 0.9485 0 0
  950 0.9495 0 0
  951 0.9505 0 0
  952 0.9515 0 0
  953 0.9525 0 0
  954 0.9535 0 0
  955 0.9545 0 0
  956 0.9555 0 0
  957 0.9565 0 0
  958 0.9575 0 0
  959 0.9585 0 0
  960 0.9595 0 0
  961 0.9605 0 0
  962 0.9615 0 0
  963 0.9625 0 0
  964 0.9635 0 0
  965 0.9645 0 0
  966 0.9655 0 0
  967 0.9665 0 0
  968 0.9675 0 0
  969 0.9685 0 0
  970 0.9695 0 0
  971 0.9705 0 0
  972 0.9715 0 0
  973 0.9725 0 0
  974 0.9735 0 0
  975 0.9745 0 0
  976 0.9755 0 0
  977 0.9765 0 0
  978 0.9775 0 0
  979 0.9785 0 0
  980 0.9795 0 0
  981 0.9805 0 0
  982 0.9815 0 0
  983 0.9825 0 0
  984 0.9835 0 0
  985 0.9845 0 0
  986 0.9855 0 0
  987 0.9865 0 0
  988 0.9875 0 0
  989 0.9885 0 0
  990 0.9895 0 0
  991 0.9905 0 0
  992 0.9915 0 0
  993 0.9925 0 0
  994 0.9935 0 0
  995 0.9945 0 0
  996 0.9955 0 0
  997 0.9965 0 0
  998 0.9975 0 0
  999 0.9985 0 0
  1000 0.9995 0 0
490000 1000 28800
  1 0.0005 0 0
  2 0.0015 0 0
  3 0.0025 0 0
  4 0.0035 0 0
  5 0.0045 0 0
  6 0.0055 0 0
  7 0.0065 0 0
  8 0.0075 0 0
  9 0.0085 0 0
  10 0.0095 0 0
  11 0.0105 0 0
  12 0.0115 0 0
  13 0.0125 0 0
  14 0.0135 0 0
  15 0.0145 0 0
  16 0.0155 0 0
  17 0.0165 0 0
  18 0.0175 0 0
  19 0.0185 0 0
  20 0.0195 0 0
  21 0.0205 0 0
  22 0.0215 0 0
  23 0.0225 0 0
  24 0.0235 0 0
  25 0.0245 0 0
  26 0.0255 0 0
  27 0.0265 0 0
  28 0.0275 0 0
  29 0.0285 0 0
  30 0.0295 0 0
  31 0.0305 0 0
  32 0.0315 0 0
  33 0.0325 0 0
  34 0.0335 0 0
  35 0.0345 0 0
  36 0.0355 0 0
  37 0.0365 0 0
  38 0.0375 0 0
  39 0.0385 0 0
  40 0.0395 0 0
  41 0.0405 0 0
  42 0.0415 0 0
  43 0.0425 0 0
  44 0.0435 0 0
  45 0.0445 0 0
  46 0.0455 0 0
  47 0.0465 0 0
  48 0.0475 0 0
  49 0.0485 0 0
  50 0.0495 0 0
  51 0.0505 0 0
  52 0.0515 0 0
  53 0.0525 0 0
  54 0.0535 0 0
  55 0.0545 0 0
  56 0.0555 0 0
  57 0.0565 0 0
  58 0.0575 0 0
  59 0.0585 0 0
  60 0.0595 0 0
  61 0.0605 0 0
  62 0.0615 0 0
  63 0.0625 0 0
  64 0.0635 0 0
  65 0.0645 0 0
  66 0.0655 0 0
  67 0.0665 0 0
  68 0.0675 0 0
  69 0.0685 0 0
  70 0.0695 0 0
  71 0.0705 0.00285714 1.33517e-05
  72 0.0715 0.00857143 4.00551e-05
  73 0.0725 0.0414286 0.000193599
  74 0.0735 0.112857 0.000527392
  75 0.0745 0.362857 0.00169566
  76 0.0755 0.928571 0.0043393
  77 0.0765 2.14429 0.0100204
  78 0.0775 4.58429 0.0214228
  79 0.0785 9.13571 0.042692
  80 0.0795 16.1671 0.0755505
  81 0.0805 25.1457 0.117508
  82 0.0815 37.04 0.173091
  83 0.0825 47.74 0.223093
  84 0.0835 56.8914 0.265859
  85 0.0845 61.1486 0.285753
  86 0.0855 58.65 0.274077
  87 0.0865 50.91 0.237907
  88 0.0875 39.8686 0.186309
  89 0.0885 28.6414 0.133844
  90 0.0895 18.5771 0.0868127
  91 0.0905 11.5486 0.0539675
  92 0.0915 7.35286 0.0343606
  93 0.0925 6.77714 0.0316702
  94 0.0935 9.79571 0.0457763
  95 0.0945 17.5986 0.0822397
  96 0.0955 33.5471 0.156769
  97 0.0965 58.8157 0.274851
  98 0.0975 92.8486 0.43389
  99 0.0985 134.229 0.627262
  100 0.0995 176.413 0.824393
  101 0.1005 215.217 1.00573
  102 0.1015 243.123 1.13613
  103 0.1025 258.989 1.21028
  104 0.1035 266.589 1.24579
  105 0.1045 269.211 1.25805
  106 0.1055 270.489 1.26402
  107 0.1065 272.211 1.27207
  108 0.1075 270.796 1.26545
  109 0.1085 268.857 1.25639
  110 0.1095 265.767 1.24195
  111 0.1105 259.419 1.21229
  112 0.1115 251.821 1.17678
  113 0.1125 246.063 1.14987
  114 0.1135 236.383 1.10464
  115 0.1145 227.654 1.06385
  116 0.1155 216.806 1.01315
  117 0.1165 207.721 0.970701
  118 0.1175 196.623 0.918836
  119 0.1185 188.101 0.879015
  120 0.1195 179.351 0.838125
  121 0.1205 174.687 0.816329
  122 0.1215 167.71 0.783724
  123 0.1225 163.697 0.764971
  124 0.1235 160.576 0.750385
  125 0.1245 158.893 0.742521
  126 0.1255 156.574 0.731686
  127 0.1265 155.253 0.725511
  128 0.1275 154.517 0.722073
  129 0.1285 153.673 0.718127
  130 0.1295 154.269 0.720911
  131 0.1305 153.34 0.716572
  132 0.1315 155.5 0.726665
  133 0.1325 155.846 0.728281
  134 0.1335 157.411 0.735598
  135 0.1345 160.334 0.749257
  136 0.1355 164.186 0.767255
  137 0.1365 166.551 0.77831
  138 0.1375 169.87 0.793818
  139 0.1385 173.87 0.81251
  140 0.1395 178.289 0.833159
  141 0.1405 182.009 0.850542
  142 0.1415 185.504 0.866878
  143 0.1425 187.283 0.87519
  144 0.1435 190.429 0.88989
  145 0.1445 190.961 0.89238
  146 0.1455 193.119 0.90246
  147 0.1465 194.236 0.907681
  148 0.1475 195.409 0.913162
  149 0.1485 193.449 0.904003
  150 0.1495 194.266 0.907821
  151 0.1505 194.101 0.907053
  152 0.1515 192.217 0.898248
  153 0.1525 192.321 0.898735
  154 0.1535 191.089 0.892974
  155 0.1545 189.976 0.887774
  156 0.1555 189.137 0.883855
  157 0.1565 186.733 0.872619
  158 0.1575 185.767 0.868107
  159 0.1585 183.31 0.856624
  160 0.1595 182.184 0.851364
  161 0.1605 179.761 0.840041
  162 0.1615 177.996 0.83179
  163 0.1625 176.294 0.823839
  164 0.1635 175.83 0.821669
  165 0.1645 173.961 0.812937
  166 0.1655 174.13 0.813725
  167 0.1665 173.221 0.809479
  168 0.1675 171.97 0.803631
  169 0.1685 173.276 0.809733
  170 0.1695 172.916 0.808051
  171 0.1705 173.516 0.810855
  172 0.1715 174.257 0.814319
  173 0.1725 173.771 0.81205
  174 0.1735 175.104 0.818278
  175 0.1745 176.436 0.8245
  176 0.1755 177.446 0.82922
  177 0.1765 178.337 0.833386
  178 0.1775 180.196 0.842071
  179 0.1785 182.14 0.851157
  180 0.1795 182.946 0.854922
  181 0.1805 185.641 0.867519
  182 0.1815 186.741 0.872659
  183 0.1825 188.84 0.882466
  184 0.1835 190.843 0.891826
  185 0.1845 191.529 0.89503
  186 0.1855 191.869 0.896619
  187 0.1865 193.811 0.905698
  188 0.1875 194.086 0.90698
  189 0.1885 194.339 0.908162
  190 0.1895 195.196 0.912167
  191 0.1905 194.596 0.909363
  192 0.1915 194.647 0.909604
  193 0.1925 192.336 0.898802
  194 0.1935 192.614 0.900104
  195 0.1945 189.124 0.883795
  196 0.1955 186.46 0.871344
  197 0.1965 183.353 0.856824
  198 0.1975 180.586 0.843893
  199 0.1985 176.839 0.826383
  200 0.1995 172.929 0.808111
  201 0.2005 168.513 0.787476
  202 0.2015 165.03 0.7712
  203 0.2025 161.11 0.752882
  204 0.2035 159.386 0.744824
  205 0.2045 156.914 0.733275
  206 0.2055 155.516 0.726739
  207 0.2065 154.73 0.723067
  208 0.2075 154.329 0.721191
  209 0.2085 153.874 0.719068
  210 0.2095 154.311 0.721111
  211 0.2105 155.257 0.725531
  212 0.2115 156.539 0.731519
  213 0.2125 156.674 0.732153
  214 0.2135 160.306 0.749123
  215 0.2145 162.573 0.759718
  216 0.2155 166.601 0.778543
  217 0.2165 170.827 0.798291
  218 0.2175 178.95 0.836249
  219 0.2185 186.531 0.871678
  220 0.2195 195.123 0.911827
  221 0.2205 204.557 0.955914
  222 0.2215 215.534 1.00721
  223 0.2225 225.959 1.05592
  224 0.2235 235.554 1.10077
  225 0.2245 244.923 1.14455
  226 0.2255 252.426 1.17961
  227 0.2265 260.423 1.21698
  228 0.2275 266.144 1.24372
  229 0.2285 271.177 1.26724
  230 0.2295 273.574 1.27844
  231 0.2305 275.321 1.2866
  232 0.2315 275.476 1.28732
  233 0.2325 276.227 1.29083
  234 0.2335 273.147 1.27644
  235 0.2345 266.646 1.24606
  236 0.2355 252.833 1.18151
  237 0.2365 225.119 1.052
  238 0.2375 190.311 0.889342
  239 0.2385 149.363 0.697986
  240 0.2395 107.253 0.501202
  241 0.2405 70.58 0.329827
  242 0.2415 42.7886 0.199955
  243 0.2425 23.9071 0.11172
  244 0.2435 13.3257 0.0622723
  245 0.2445 8.51429 0.039788
  246 0.2455 7.77429 0.0363299
  247 0.2465 10.9357 0.0511036
  248 0.2475 17.0514 0.0796829
  249 0.2485 26.1671 0.122281
  250 0.2495 36.9043 0.172457
  251 0.2505 47.9057 0.223868
  252 0.2515 56.2086 0.262668
  253 0.2525 59.4929 0.278015
  254 0.2535 56.8157 0.265505
  255 0.2545 50.04 0.233841
  256 0.2555 39.3743 0.184
  257 0.2565 28.7314 0.134265
  258 0.2575 18.4629 0.0862786
  259 0.2585 11.4843 0.0536671
  260 0.2595 6.28 0.029347
  261 0.2605 3.10714 0.01452
  262 0.2615 1.46429 0.00684274
  263 0.2625 0.604286 0.00282388
  264 0.2635 0.238571 0.00111487
  265 0.2645 0.0957143 0.000447281
  266 0.2655 0.0285714 0.000133517
  267 0.2665 0.00714286 3.33792e-05
  268 0.2675 0.00428571 2.00275e-05
  269 0.2685 0 0
  270 0.2695 0 0
  271 0.2705 0 0
  272 0.2715 0 0
  273 0.2725 0 0
  274 0.2735 0 0
  275 0.2745 0 0
  276 0.2755 0 0
  277 0.2765 0 0
  278 0.2775 0 0
  279 0.2785 0 0
  280 0.2795 0 0
  281 0.2805 0 0
  282 0.2815 0 0
  283 0.2825 0 0
  284 0.2835 0 0
  285 0.2845 0 0
  286 0.2855 0 0
  287 0.2865 0 0
  288 0.2875 0 0
  289 0.2885 0 0
  290 0.2895 0 0
  291 0.2905 0 0
  292 0.2915 0 0
  293 0.2925 0 0
  294 0.2935 0 0
  295 0.2945 0 0
  296 0.2955 0 0
  297 0.2965 0 0
  298 0.2975 0 0
  299 0.2985 0 0
  300 0.2995 0 0
  301 0.3005 0 0
  302 0.3015 0 0
  303 0.3025 0 0
  304 0.3035 0 0
  305 0.3045 0 0
  306 0.3055 0 0
  307 0.3065 0 0
  308 0.3075 0 0
  309 0.3085 0 0
  310 0.3095 0 0
  311 0.3105 0 0
  312 0.3115 0 0
  313 0.3125 0 0
  314 0.3135 0 0
  315 0.3145 0 0
  316 0.3155 0 0
  317 0.3165 0 0
  318 0.3175 0 0
  319 0.3185 0 0
  320 0.3195 0 0
  321 0.3205 0 0
  322 0.3215 0 0
  323 0.3225 0 0
  324 0.3235 0 0
  325 0.3245 0 0
  326 0.3255 0 0
  327 0.3265 0 0
  328 0.3275 0 0
  329 0.3285 0 0
  330 0.3295 0 0
  331 0.3305 0 0
  332 0.3315 0 0
  333 0.3325 0 0
  334 0.3335 0 0
  335 0.3345 0 0
  336 0.3355 0 0
  337 0.3365 0 0
  338 0.3375 0 0
  339 0.3385 0 0
  340 0.3395 0 0
  341 0.3405 0 0
  342 0.3415 0 0
  343 0.3425 0 0
  344 0.3435 0 0
  345 0.3445 0 0
  346 0.3455 0 0
  347 0.3465 0 0
  348 0.3475 0 0
  349 0.3485 0 0
  350 0.3495 0 0
  351 0.3505 0 0
  352 0.3515 0 0
  353 0.3525 0 0
  354 0.3535 0 0
  355 0.3545 0 0
  356 0.3555 0 0
  357 0.3565 0 0
  358 0.3575 0 0
  359 0.3585 0 0
  360 0.3595 0 0
  361 0.3605 0 0
  362 0.3615 0 0
  363 0.3625 0 0
  364 0.3635 0 0
  365 0.3645 0 0
  366 0.3655 0 0
  367 0.3665 0 0
  368 0.3675 0 0
  369 0.3685 0 0
  370 0.3695 0 0
  371 0.3705 0 0
  372 0.3715 0 0
  373 0.3725 0 0
  374 0.3735 0 0
  375 0.3745 0 0
  376 0.3755 0 0
  377 0.3765 0 0
  378 0.3775 0 0
  379 0.3785 0 0
  380 0.3795 0 0
  381 0.3805 0 0
  382 0.3815 0 0
  383 0.3825 0 0
  384 0.3835 0 0
  385 0.3845 0 0
  386 0.3855 0 0
  387 0.3865 0 0
  388 0.3875 0 0
  389 0.3885 0 0
  390 0.3895 0 0
  391 0.3905 0 0
  392 0.3915 0 0
  393 0.3925 0 0
  394 0.3935 0 0
  395 0.3945 0 0
  396 0.3955 0 0
  397 0.3965 0 0
  398 0.3975 0 0
  399 0.3985 0 0
  400 0.3995 0 0
  401 0.4005 0 0
  402 0.4015 0 0
  403 0.4025 0 0
  404 0.4035 0 0
  405 0.4045 0 0
  406 0.4055 0 0
  407 0.4065 0 0
  408 0.4075 0 0
  409 0.4085 0 0
  410 0.4095 0 0
  411 0.4105 0 0
  412 0.4115 0 0
  413 0.4125 0 0
  414 0.4135 0 0
  415 0.4145 0 0
  416 0.4155 0 0
  417 0.4165 0 0
  418 0.4175 0 0
  419 0.4185 0 0
  420 0.4195 0 0
  421 0.4205 0 0
  422 0.4215 0 0
  423 0.4225 0 0
  424 0.4235 0 0
  425 0.4245 0 0
  426 0.4255 0 0
  427 0.4265 0 0
  428 0.4275 0 0
  429 0.4285 0 0
  430 0.4295 0 0
  431 0.4305 0 0
  432 0.4315 0 0
  433 0.4325 0 0
  434 0.4335 0 0
  435 0.4345 0 0
  436 0.4355 0 0
  437 0.4365 0 0
  438 0.4375 0 0
  439 0.4385 0 0
  440 0.4395 0 0
  441 0.4405 0 0
  442 0.4415 0 0
  443 0.4425 0 0
  444 0.4435 0 0
  445 0.4445 0 0
  446 0.4455 0 0
  447 0.4465 0 0
  448 0.4475 0 0
  449 0.4485 0 0
  450 0.4495 0 0
  451 0.4505 0 0
  452 0.4515 0 0
  453 0.4525 0 0
  454 0.4535 0 0
  455 0.4545 0 0
  456 0.4555 0 0
  457 0.4565 0 0
  458 0.4575 0 0
  459 0.4585 0 0
  460 0.4595 0 0
  461 0.4605 0 0
  462 0.4615 0 0
  463 0.4625 0 0
  464 0.4635 0 0
  465 0.4645 0 0
  466 0.4655 0 0
  467 0.4665 0 0
  468 0.4675 0 0
  469 0.4685 0 0
  470 0.4695 0 0
  471 0.4705 0 0
  472 0.4715 0 0
  473 0.4725 0 0
  474 0.4735 0 0
  475 0.4745 0 0
  476 0.4755 0 0
  477 0.4765 0 0
  478 0.4775 0 0
  479 0.4785 0 0
  480 0.4795 0 0
  481 0.4805 0 0
  482 0.4815 0 0
  483 0.4825 0 0
  484 0.4835 0 0
  485 0.4845 0 0
  486 0.4855 0 0
  487 0.4865 0 0
  488 0.4875 0 0
  489 0.4885 0 0
  490 0.4895 0 0
  491 0.4905 0 0
  492 0.4915 0 0
  493 0.4925 0 0
  494 0.4935 0 0
  495 0.4945 0 0
  496 0.4955 0 0
  497 0.4965 0 0
  498 0.4975 0 0
  499 0.4985 0 0
  500 0.4995 0 0
  501 0.5005 0 0
  502 0.5015 0 0
  503 0.5025 0 0
  504 0.5035 0 0
  505 0.5045 0 0
  506 0.5055 0 0
  507 0.5065 0 0
  508 0.5075 0 0
  509 0.5085 0 0
  510 0.5095 0 0
  511 0.5105 0 0
  512 0.5115 0 0
  513 0.5125 0 0
  514 0.5135 0 0
  515 0.5145 0 0
  516 0.5155 0 0
  517 0.5165 0 0
  518 0.5175 0 0
  519 0.5185 0 0
  520 0.5195 0 0
  521 0.5205 0 0
  522 0.5215 0 0
  523 0.5225 0 0
  524 0.5235 0 0
  525 0.5245 0 0
  526 0.5255 0 0
  527 0.5265 0 0
  528 0.5275 0 0
  529 0.5285 0 0
  530 0.5295 0 0
  531 0.5305 0 0
  532 0.5315 0 0
  533 0.5325 0 0
  534 0.5335 0 0
  535 0.5345 0 0
  536 0.5355 0 0
  537 0.5365 0 0
  538 0.5375 0 0
  539 0.5385 0 0
  540 0.5395 0 0
  541 0.5405 0 0
  542 0.5415 0 0
  543 0.5425 0 0
  544 0.5435 0 0
  545 0.5445 0 0
  546 0.5455 0 0
  547 0.5465 0 0
  548 0.5475 0 0
  549 0.5485 0 0
  550 0.5495 0 0
  551 0.5505 0 0
  552 0.5515 0 0
  553 0.5525 0 0
  554 0.5535 0 0
  555 0.5545 0 0
  556 0.5555 0 0
  557 0.5565 0 0
  558 0.5575 0 0
  559 0.5585 0 0
  560 0.5595 0 0
  561 0.5605 0 0
  562 0.5615 0 0
  563 0.5625 0 0
  564 0.5635 0 0
  565 0.5645 0 0
  566 0.5655 0 0
  567 0.5665 0 0
  568 0.5675 0 0
  569 0.5685 0 0
  570 0.5695 0 0
  571 0.5705 0 0
  572 0.5715 0 0
  573 0.5725 0 0
  574 0.5735 0 0
  575 0.5745 0 0
  576 0.5755 0 0
  577 0.5765 0 0
  578 0.5775 0 0
  579 0.5785 0 0
  580 0.5795 0 0
  581 0.5805 0 0
  582 0.5815 0 0
  583 0.5825 0 0
  584 0.5835 0 0
  585 0.5845 0 0
  586 0.5855 0 0
  587 0.5865 0 0
  588 0.5875 0 0
  589 0.5885 0 0
  590 0.5895 0 0
  591 0.5905 0 0
  592 0.5915 0 0
  593 0.5925 0 0
  594 0.5935 0 0
  595 0.5945 0 0
  596 0.5955 0 0
  597 0.5965 0 0
  598 0.5975 0 0
  599 0.5985 0 0
  600 0.5995 0 0
  601 0.6005 0 0
  602 0.6015 0 0
  603 0.6025 0 0
  604 0.6035 0 0
  605 0.6045 0 0
  606 0.6055 0 0
  607 0.6065 0 0
  608 0.6075 0 0
  609 0.6085 0 0
  610 0.6095 0 0
  611 0.6105 0 0
  612 0.6115 0 0
  613 0.6125 0 0
  614 0.6135 0 0
  615 0.6145 0 0
  616 0.6155 0 0
  617 0.6165 0 0
  618 0.6175 0 0
  619 0.6185 0 0
  620 0.6195 0 0
  621 0.6205 0 0
  622 0.6215 0 0
  623 0.6225 0 0
  624 0.6235 0 0
  625 0.6245 0 0
  626 0.6255 0 0
  627 0.6265 0 0
  628 0.6275 0 0
  629 0.6285 0 0
  630 0.6295 0 0
  631 0.6305 0 0
  632 0.6315 0 0
  633 0.6325 0 0
  634 0.6335 0 0
  635 0.6345 0 0
  636 0.6355 0 0
  637 0.6365 0 0
  638 0.6375 0 0
  639 0.6385 0 0
  640 0.6395 0 0
  641 0.6405 0 0
  642 0.6415 0 0
  643 0.6425 0 0
  644 0.6435 0 0
  645 0.6445 0 0
  646 0.6455 0 0
  647 0.6465 0 0
  648 0.6475 0 0
  649 0.6485 0 0
  650 0.6495 0 0
  651 0.6505 0 0
  652 0.6515 0 0
  653 0.6525 0 0
  654 0.6535 0 0
  655 0.6545 0 0
  656 0.6555 0 0
  657 0.6565 0 0
  658 0.6575 0 0
  659 0.6585 0 0
  660 0.6595 0 0
  661 0.6605 0 0
  662 0.6615 0 0
  663 0.6625 0 0
  664 0.6635 0 0
  665 0.6645 0 0
  666 0.6655 0 0
  667 0.6665 0 0
  668 0.6675 0 0
  669 0.6685 0 0
  670 0.6695 0 0
  671 0.6705 0 0
  672 0.6715 0 0
  673 0.6725 0 0
  674 0.6735 0 0
  675 0.6745 0 0
  676 0.6755 0 0
  677 0.6765 0 0
  678 0.6775 0 0
  679 0.6785 0 0
  680 0.6795 0 0
  681 0.6805 0 0
  682 0.6815 0 0
  683 0.6825 0 0
  684 0.6835 0 0
  685 0.6845 0 0
  686 0.6855 0 0
  687 0.6865 0 0
  688 0.6875 0 0
  689 0.6885 0 0
  690 0.6895 0 0
  691 0.6905 0 0
  692 0.6915 0 0
  693 0.6925 0 0
  694 0.6935 0 0
  695 0.6945 0 0
  696 0.6955 0 0
  697 0.6965 0 0
  698 0.6975 0 0
  699 0.6985 0 0
  700 0.6995 0 0
  701 0.7005 0 0
  702 0.7015 0 0
  703 0.7025 0 0
  704 0.7035 0 0
  705 0.7045 0 0
  706 0.7055 0 0
  707 0.7065 0 0
  708 0.7075 0 0
  709 0.7085 0 0
  710 0.7095 0 0
  711 0.7105 0 0
  712 0.7115 0 0
  713 0.7125 0 0
  714 0.7135 0 0
  715 0.7145 0 0
  716 0.7155 0 0
  717 0.7165 0 0
  718 0.7175 0 0
  719 0.7185 0 0
  720 0.7195 0 0
  721 0.7205 0 0
  722 0.7215 0 0
  723 0.7225 0 0
  724 0.7235 0 0
  725 0.7245 0 0
  726 0.7255 0 0
  727 0.7265 0 0
  728 0.7275 0 0
  729 0.7285 0 0
  730 0.7295 0 0
  731 0.7305 0 0
  732 0.7315 0 0
  733 0.7325 0 0
  734 0.7335 0 0
  735 0.7345 0 0
  736 0.7355 0 0
  737 0.7365 0 0
  738 0.7375 0 0
  739 0.7385 0 0
  740 0.7395 0 0
  741 0.7405 0 0
  742 0.7415 0 0
  743 0.7425 0 0
  744 0.7435 0 0
  745 0.7445 0 0
  746 0.7455 0 0
  747 0.7465 0 0
  748 0.7475 0 0
  749 0.7485 0 0
  750 0.7495 0 0
  751 0.7505 0 0
  752 0.7515 0 0
  753 0.7525 0 0
  754 0.7535 0 0
  755 0.7545 0 0
  756 0.7555 0 0
  757 0.7565 0 0
  758 0.7575 0 0
  759 0.7585 0 0
  760 0.7595 0 0
  761 0.7605 0 0
  762 0.7615 0 0
  763 0.7625 0 0
  764 0.7635 0 0
  765 0.7645 0 0
  766 0.7655 0 0
  767 0.7665 0 0
  768 0.7675 0 0
  769 0.7685 0 0
  770 0.7695 0 0
  771 0.7705 0 0
  772 0.7715 0 0
  773 0.7725 0 0
  774 0.7735 0 0
  775 0.7745 0 0
  776 0.7755 0 0
  777 0.7765 0 0
  778 0.7775 0 0
  779 0.7785 0 0
  780 0.7795 0 0
  781 0.7805 0 0
  782 0.7815 0 0
  783 0.7825 0 0
  784 0.7835 0 0
  785 0.7845 0 0
  786 0.7855 0 0
  787 0.7865 0 0
  788 0.7875 0 0
  789 0.7885 0 0
  790 0.7895 0 0
  791 0.7905 0 0
  792 0.7915 0 0
  793 0.7925 0 0
  794 0.7935 0 0
  795 0.7945 0 0
  796 0.7955 0 0
  797 0.7965 0 0
  798 0.7975 0 0
  799 0.7985 0 0
  800 0.7995 0 0
  801 0.8005 0 0
  802 0.8015 0 0
  803 0.8025 0 0
  804 0.8035 0 0
  805 0.8045 0 0
  806 0.8055 0 0
  807 0.8065 0 0
  808 0.8075 0 0
  809 0.8085 0 0
  810 0.8095 0 0
  811 0.8105 0 0
  812 0.8115 0 0
  813 0.8125 0 0
  814 0.8135 0 0
  815 0.8145 0 0
  816 0.8155 0 0
  817 0.8165 0 0
  818 0.8175 0 0
  819 0.8185 0 0
  820 0.8195 0 0
  821 0.8205 0 0
  822 0.8215 0 0
  823 0.8225 0 0
  824 0.8235 0 0
  825 0.8245 0 0
  826 0.8255 0 0
  827 0.8265 0 0
  828 0.8275 0 0
  829 0.8285 0 0
  830 0.8295 0 0
  831 0.8305 0 0
  832 0.8315 0 0
  833 0.8325 0 0
  834 0.8335 0 0
  835 0.8345 0 0
  836 0.8355 0 0
  837 0.8365 0 0
  838 0.8375 0 0
  839 0.8385 0 0
  840 0.8395 0 0
  841 0.8405 0 0
  842 0.8415 0 0
  843 0.8425 0 0
  844 0.8435 0 0
  845 0.8445 0 0
  846 0.8455 0 0
  847 0.8465 0 0
  848 0.8475 0 0
  849 0.8485 0 0
  850 0.8495 0 0
  851 0.8505 0 0
  852 0.8515 0 0
  853 0.8525 0 0
  854 0.8535 0 0
  855 0.8545 0 0
  856 0.8555 0 0
  857 0.8565 0 0
  858 0.8575 0 0
  859 0.8585 0 0
  860 0.8595 0 0
  861 0.8605 0 0
  862 0.8615 0 0
  863 0.8625 0 0
  864 0.8635 0 0
  865 0.8645 0 0
  866 0.8655 0 0
  867 0.8665 0 0
  868 0.8675 0 0
  869 0.8685 0 0
  870 0.8695 0 0
  871 0.8705 0 0
  872 0.8715 0 0
  873 0.8725 0 0
  874 0.8735 0 0
  875 0.8745 0 0
  876 0.8755 0 0
  877 0.8765 0 0
  878 0.8775 0 0
  879 0.8785 0 0
  880 0.8795 0 0
  881 0.8805 0 0
  882 0.8815 0 0
  883 0.8825 0 0
  884 0.8835 0 0
  885 0.8845 0 0
  886 0.8855 0 0
  887 0.8865 0 0
  888 0.8875 0 0
  889 0.8885 0 0
  890 0.8895 0 0
  891 0.8905 0 0
  892 0.8915 0 0
  893 0.8925 0 0
  894 0.8935 0 0
  895 0.8945 0 0
  896 0.8955 0 0
  897 0.8965 0 0
  898 0.8975 0 0
  899 0.8985 0 0
  900 0.8995 0 0
  901 0.9005 0 0
  902 0.9015 0 0
  903 0.9025 0 0
  904 0.9035 0 0
  905 0.9045 0 0
  906 0.9055 0 0
  907 0.9065 0 0
  908 0.9075 0 0
  909 0.9085 0 0
  910 0.9095 0 0
  911 0.9105 0 0
  912 0.9115 0 0
  913 0.9125 0 0
  914 0.9135 0 0
  915 0.9145 0 0
  916 0.9155 0 0
  917 0.9165 0 0
  918 0.9175 0 0
  919 0.9185 0 0
  920 0.9195 0 0
  921 0.9205 0 0
  922 0.9215 0 0
  923 0.9225 0 0
  924 0.9235 0 0
  925 0.9245 0 0
  926 0.9255 0 0
  927 0.9265 0 0
  928 0.9275 0 0
  929 0.9285 0 0
  930 0.9295 0 0
  931 0.9305 0 0
  932 0.9315 0 0
  933 0.9325 0 0
  934 0.9335 0 0
  935 0.9345 0 0
  936 0.9355 0 0
  937 0.9365 0 0
  938 0.9375 0 0
  939 0.9385 0 0
  940 0.9395 0 0
  941 0.9405 0 0
  942 0.9415 0 0
  943 0.9425 0 0
  944 0.9435 0 0
  945 0.9445 0 0
  946 0.9455 0 0
  947 0.9465 0 0
  948 0.9475 0 0
  949 0.9485 0 0
  950 0.9495 0 0
  951 0.9505 0 0
  952 0.9515 0 0
  953 0.9525 0 0
  954 0.9535 0 0
  955 0.9545 0 0
  956 0.9555 0 0
  957 0.9565 0 0
  958 0.9575 0 0
  959 0.9585 0 0
  960 0.9595 0 0
  961 0.9605 0 0
  962 0.9615 0 0
  963 0.9625 0 0
  964 0.9635 0 0
  965 0.9645 0 0
  966 0.9655 0 0
  967 0.9665 0 0
  968 0.9675 0 0
  969 0.9685 0 0
  970 0.9695 0 0
  971 0.9705 0 0
  972 0.9715 0 0
  973 0.9725 0 0
  974 0.9735 0 0
  975 0.9745 0 0
  976 0.9755 0 0
  977 0.9765 0 0
  978 0.9775 0 0
  979 0.9785 0 0
  980 0.9795 0 0
  981 0.9805 0 0
  982 0.9815 0 0
  983 0.9825 0 0
  984 0.9835 0 0
  985 0.9845 0 0
  986 0.9855 0 0
  987 0.9865 0 0
  988 0.9875 0 0
  989 0.9885 0 0
  990 0.9895 0 0
  991 0.9905 0 0
  992 0.9915 0 0
  993 0.9925 0 0
  994 0.9935 0 0
  995 0.9945 0 0
  996 0.9955 0 0
  997 0.9965 0 0
  998 0.9975 0 0
  999 0.9985 0 0
  1000 0.9995 0 0
560000 1000 28800
  1 0.0005 0 0
  2 0.0015 0 0
  3 0.0025 0 0
  4 0.0035 0 0
  5 0.0045 0 0
  6 0.0055 0 0
  7 0.0065 0 0
  8 0.0075 0 0
  9 0.0085 0 0
  10 0.0095 0 0
  11 0.0105 0 0
  12 0.0115 0 0
  13 0.0125 0 0
  14 0.0135 0 0
  15 0.0145 0 0
  16 0.0155 0 0
  17 0.0165 0 0
  18 0.0175 0 0
  19 0.0185 0 0
  20 0.0195 0 0
  21 0.0205 0 0
  22 0.0215 0 0
  23 0.0225 0 0
  24 0.0235 0 0
  25 0.0245 0 0
  26 0.0255 0 0
  27 0.0265 0 0
  28 0.0275 0 0
  29 0.0285 0 0
  30 0.0295 0 0
  31 0.0305 0 0
  32 0.0315 0 0
  33 0.0325 0 0
  34 0.0335 0 0
  35 0.0345 0 0
  36 0.0355 0 0
  37 0.0365 0 0
  38 0.0375 0 0
  39 0.0385 0 0
  40 0.0395 0 0
  41 0.0405 0 0
  42 0.0415 0 0
  43 0.0425 0 0
  44 0.0435 0 0
  45 0.0445 0 0
  46 0.0455 0 0
  47 0.0465 0 0
  48 0.0475 0 0
  49 0.0485 0 0
  50 0.0495 0 0
  51 0.0505 0 0
  52 0.0515 0 0
  53 0.0525 0 0
  54 0.0535 0 0
  55 0.0545 0 0
  56 0.0555 0 0
  57 0.0565 0 0
  58 0.0575 0 0
  59 0.0585 0 0
  60 0.0595 0 0
  61 0.0605 0 0
  62 0.0615 0 0
  63 0.0625 0 0
  64 0.0635 0 0
  65 0.0645 0 0
  66 0.0655 0 0
  67 0.0665 0 0
  68 0.0675 0 0
  69 0.0685 0 0
  70 0.0695 0 0
  71 0.0705 0 0
  72 0.0715 0.00571429 2.67034e-05
  73 0.0725 0.0385714 0.000180248
  74 0.0735 0.127143 0.00059415
  75 0.0745 0.378571 0.0017691
  76 0.0755 0.865714 0.00404556
  77 0.0765 2.16429 0.0101139
  78 0.0775 4.69571 0.0219435
  79 0.0785 9.06857 0.0423783
  80 0.0795 15.7514 0.0736078
  81 0.0805 25.1914 0.117722
  82 0.0815 36.6114 0.171088
  83 0.0825 47.7043 0.222926
  84 0.0835 56.44 0.263749
  85 0.0845 60.8414 0.284317
  86 0.0855 59.0143 0.275779
  87 0.0865 51.2357 0.239429
  88 0.0875 40.3214 0.188426
  89 0.0885 28.2971 0.132235
  90 0.0895 19.0471 0.089009
  91 0.0905 11.6371 0.0543814
  92 0.0915 7.48143 0.0349614
  93 0.0925 6.67429 0.0311895
  94 0.0935 9.51714 0.0444745
  95 0.0945 17.7943 0.0831543
  96 0.0955 33.5986 0.157009
  97 0.0965 59.5471 0.278269
  98 0.0975 93.93 0.438943
  99 0.0985 135.414 0.632803
  100 0.0995 179.969 0.841009
  101 0.1005 218.819 1.02256
  102 0.1015 247.453 1.15637
  103 0.1025 264.339 1.23528
  104 0.1035 272.327 1.27261
  105 0.1045 273.13 1.27636
  106 0.1055 274.324 1.28194
  107 0.1065 275.54 1.28762
  108 0.1075 273.939 1.28014
  109 0.1085 271.299 1.2678
  110 0.1095 266.987 1.24765
  111 0.1105 261.933 1.22404
  112 0.1115 254.12 1.18753
  113 0.1125 246.426 1.15157
  114 0.1135 237.641 1.11052
  115 0.1145 227.251 1.06197
  116 0.1155 217.32 1.01556
  117 0.1165 207.333 0.968885
  118 0.1175 196.453 0.918042
  119 0.1185 186.993 0.873834
  120 0.1195 179.529 0.838953
  121 0.1205 173.71 0.811762
  122 0.1215 168.401 0.786955
  123 0.1225 163.479 0.76395
  124 0.1235 160.499 0.750024
  125 0.1245 157.961 0.738168
  126 0.1255 156.454 0.731125
  127 0.1265 154.981 0.724242
  128 0.1275 154.793 0.723361
  129 0.1285 154.363 0.721352
  130 0.1295 153.951 0.719429
  131 0.1305 154.86 0.723675
  132 0.1315 155.76 0.72788
  133 0.1325 156.389 0.730818
  134 0.1335 159.089 0.743435
  135 0.1345 160.973 0.752241
  136 0.1355 164.551 0.768964
  137 0.1365 167.657 0.783477
  138 0.1375 172.87 0.807837
  139 0.1385 175.363 0.819486
  140 0.1395 179.951 0.840929
  141 0.1405 183.011 0.855229
  142 0.1415 186.033 0.869348
  143 0.1425 189.547 0.885771
  144 0.1435 190.866 0.891933
  145 0.1445 193.411 0.903829
  146 0.1455 193.823 0.905752
  147 0.1465 194.544 0.909123
  148 0.1475 195.119 0.911807
  149 0.1485 196.097 0.91638
  150 0.1495 194.904 0.910805
  151 0.1505 195.526 0.913709
  152 0.1515 194.757 0.910118
  153 0.1525 193.31 0.903355
  154 0.1535 191.193 0.893461
  155 0.1545 190.09 0.888308
  156 0.1555 189.794 0.886926
  157 0.1565 186.229 0.870263
  158 0.1575 185.931 0.868874
  159 0.1585 183.173 0.855983
  160 0.1595 181.799 0.849561
  161 0.1605 180.491 0.843453
  162 0.1615 179.531 0.838967
  163 0.1625 178.324 0.833325
  164 0.1635 178.713 0.835141
  165 0.1645 177.149 0.827831
  166 0.1655 175.177 0.818619
  167 0.1665 175.444 0.819867
  168 0.1675 174.119 0.813672
  169 0.1685 174.144 0.813792
  170 0.1695 175.953 0.822244
  171 0.1705 175.324 0.819306
  172 0.1715 176.61 0.825314
  173 0.1725 176.973 0.82701
  174 0.1735 177.914 0.831409
  175 0.1745 179.963 0.840983
  176 0.1755 182.344 0.852111
  177 0.1765 182.39 0.852325
  178 0.1775 184.959 0.864328
  179 0.1785 186.417 0.871144
  180 0.1795 186.956 0.873661
  181 0.1805 190.121 0.888455
  182 0.1815 189.724 0.886599
  183 0.1825 192.503 0.899583
  184 0.1835 193.516 0.904316
  185 0.1845 193.691 0.905137
  186 0.1855 195.101 0.911727
  187 0.1865 195.29 0.912608
  188 0.1875 196.421 0.917895
  189 0.1885 197.03 0.920739
  190 0.1895 197.426 0.922588
  191 0.1905 196.466 0.918102
  192 0.1915 194.701 0.909857
  193 0.1925 193.904 0.906132
  194 0.1935 190.9 0.892093
  195 0.1945 188.141 0.879202
  196 0.1955 186.039 0.869375
  197 0.1965 181.564 0.848466
  198 0.1975 176.887 0.82661
  199 0.1985 174.33 0.81466
  200 0.1995 169.159 0.790493
  201 0.2005 165.519 0.773483
  202 0.2015 162.157 0.757775
  203 0.2025 159.979 0.747594
  204 0.2035 157.52 0.736105
  205 0.2045 157.051 0.733915
  206 0.2055 156.531 0.731485
  207 0.2065 156.167 0.729783
  208 0.2075 155.263 0.725557
  209 0.2085 154.971 0.724195
  210 0.2095 156.383 0.730791
  211 0.2105 156.257 0.730204
  212 0.2115 157.567 0.736325
  213 0.2125 160.137 0.748335
  214 0.2135 162.1 0.757508
  215 0.2145 165.88 0.775172
  216 0.2155 171.51 0.801482
  217 0.2165 177.733 0.830562
  218 0.2175 185.93 0.868868
  219 0.2185 194.886 0.910718
  220 0.2195 205.296 0.959365
  221 0.2205 215.611 1.00757
  222 0.2215 226.06 1.0564
  223 0.2225 235.624 1.10109
  224 0.2235 244.913 1.1445
  225 0.2245 253.534 1.18479
  226 0.2255 259.107 1.21083
  227 0.2265 264.631 1.23665
  228 0.2275 270.716 1.26508
  229 0.2285 272.803 1.27483
  230 0.2295 275.246 1.28625
  231 0.2305 275.9 1.28931
  232 0.2315 274.404 1.28232
  233 0.2325 273.52 1.27818
  234 0.2335 268.6 1.25519
  235 0.2345 254.927 1.1913
  236 0.2355 230.867 1.07886
  237 0.2365 194.893 0.910752
  238 0.2375 151.494 0.707946
  239 0.2385 108.643 0.507698
  240 0.2395 71.2971 0.333178
  241 0.2405 42.6471 0.199294
  242 0.2415 23.1071 0.107982
  243 0.2425 12.1414 0.056738
  244 0.2435 7.65429 0.0357692
  245 0.2445 7.08286 0.0330988
  246 0.2455 10.1986 0.0476588
  247 0.2465 16 0.0747694
  248 0.2475 25.3057 0.118256
  249 0.2485 36.1757 0.169052
  250 0.2495 47.3871 0.221444
  251 0.2505 55.8114 0.260812
  252 0.2515 59.8957 0.279898
  253 0.2525 58.19 0.271927
  254 0.2535 51.4086 0.240237
  255 0.2545 40.8143 0.190729
  256 0.2555 29.1514 0.136227
  257 0.2565 19.3414 0.0903842
  258 0.2575 11.2457 0.0525522
  259 0.2585 6.01714 0.0281186
  260 0.2595 3.01857 0.0141061
  261 0.2605 1.40714 0.00657571
  262 0.2615 0.577143 0.00269704
  263 0.2625 0.171429 0.000801101
  264 0.2635 0.0571429 0.000267034
  265 0.2645 0.02 9.34618e-05
  266 0.2655 0.00285714 1.33517e-05
  267 0.2665 0 0
  268 0.2675 0 0
  269 0.2685 0 0
  270 0.2695 0 0
  271 0.2705 0 0
  272 0.2715 0 0
  273 0.2725 0 0
  274 0.2735 0 0
  275 0.2745 0 0
  276 0.2755 0 0
  277 0.2765 0 0
  278 0.2775 0 0
  279 0.2785 0 0
  280 0.2795 0 0
  281 0.2805 0 0
  282 0.2815 0 0
  283 0.2825 0 0
  284 0.2835 0 0
  285 0.2845 0 0
  286 0.2855 0 0
  287 0.2865 0 0
  288 0.2875 0 0
  289 0.2885 0 0
  290 0.2895 0 0
  291 0.2905 0 0
  292 0.2915 0 0
  293 0.2925 0 0
  294 0.2935 0 0
  295 0.2945 0 0
  296 0.2955 0 0
  297 0.2965 0 0
  298 0.2975 0 0
  299 0.2985 0 0
  300 0.2995 0 0
  301 0.3005 0 0
  302 0.3015 0 0
  303 0.3025 0 0
  304 0.3035 0 0
  305 0.3045 0 0
  306 0.3055 0 0
  307 0.3065 0 0
  308 0.3075 0 0
  309 0.3085 0 0
  310 0.3095 0 0
  311 0.3105 0 0
  312 0.3115 0 0
  313 0.3125 0 0
  314 0.3135 0 0
  315 0.3145 0 0
  316 0.3155 0 0
  317 0.3165 0 0
  318 0.3175 0 0
  319 0.3185 0 0
  320 0.3195 0 0
  321 0.3205 0 0
  322 0.3215 0 0
  323 0.3225 0 0
  324 0.3235 0 0
  325 0.3245 0 0
  326 0.3255 0 0
  327 0.3265 0 0
  328 0.3275 0 0
  329 0.3285 0 0
  330 0.3295 0 0
  331 0.3305 0 0
  332 0.3315 0 0
  333 0.3325 0 0
  334 0.3335 0 0
  335 0.3345 0 0
  336 0.3355 0 0
  337 0.3365 0 0
  338 0.3375 0 0
  339 0.3385 0 0
  340 0.3395 0 0
  341 0.3405 0 0
  342 0.3415 0 0
  343 0.3425 0 0
  344 0.3435 0 0
  345 0.3445 0 0
  346 0.3455 0 0
  347 0.3465 0 0
  348 0.3475 0 0
  349 0.3485 0 0
  350 0.3495 0 0
  351 0.3505 0 0
  352 0.3515 0 0
  353 0.3525 0 0
  354 0.3535 0 0
  355 0.3545 0 0
  356 0.3555 0 0
  357 0.3565 0 0
  358 0.3575 0 0
  359 0.3585 0 0
  360 0.3595 0 0
  361 0.3605 0 0
  362 0.3615 0 0
  363 0.3625 0 0
  364 0.3635 0 0
  365 0.3645 0 0
  366 0.3655 0 0
  367 0.3665 0 0
  368 0.3675 0 0
  369 0.3685 0 0
  370 0.3695 0 0
  371 0.3705 0 0
  372 0.3715 0 0
  373 0.3725 0 0
  374 0.3735 0 0
  375 0.3745 0 0
  376 0.3755 0 0
  377 0.3765 0 0
  378 0.3775 0 0
  379 0.3785 0 0
  380 0.3795 0 0
  381 0.3805 0 0
  382 0.3815 0 0
  383 0.3825 0 0
  384 0.3835 0 0
  385 0.3845 0 0
  386 0.3855 0 0
  387 0.3865 0 0
  388 0.3875 0 0
  389 0.3885 0 0
  390 0.3895 0 0
  391 0.3905 0 0
  392 0.3915 0 0
  393 0.3925 0 0
  394 0.3935 0 0
  395 0.3945 0 0
  396 0.3955 0 0
  397 0.3965 0 0
  398 0.3975 0 0
  399 0.3985 0 0
  400 0.3995 0 0
  401 0.4005 0 0
  402 0.4015 0 0
  403 0.4025 0 0
  404 0.4035 0 0
  405 0.4045 0 0
  406 0.4055 0 0
  407 0.4065 0 0
  408 0.4075 0 0
  409 0.4085 0 0
  410 0.4095 0 0
  411 0.4105 0 0
  412 0.4115 0 0
  413 0.4125 0 0
  414 0.4135 0 0
  415 0.4145 0 0
  416 0.4155 0 0
  417 0.4165 0 0
  418 0.4175 0 0
  419 0.4185 0 0
  420 0.4195 0 0
  421 0.4205 0 0
  422 0.4215 0 0
  423 0.4225 0 0
  424 0.4235 0 0
  425 0.4245 0 0
  426 0.4255 0 0
  427 0.4265 0 0
  428 0.4275 0 0
  429 0.4285 0 0
  430 0.4295 0 0
  431 0.4305 0 0
  432 0.4315 0 0
  433 0.4325 0 0
  434 0.4335 0 0
  435 0.4345 0 0
  436 0.4355 0 0
  437 0.4365 0 0
  438 0.4375 0 0
  439 0.4385 0 0
  440 0.4395 0 0
  441 0.4405 0 0
  442 0.4415 0 0
  443 0.4425 0 0
  444 0.4435 0 0
  445 0.4445 0 0
  446 0.4455 0 0
  447 0.4465 0 0
  448 0.4475 0 0
  449 0.4485 0 0
  450 0.4495 0 0
  451 0.4505 0 0
  452 0.4515 0 0
  453 0.4525 0 0
  454 0.4535 0 0
  455 0.4545 0 0
  456 0.4555 0 0
  457 0.4565 0 0
  458 0.4575 0 0
  459 0.4585 0 0
  460 0.4595 0 0
  461 0.4605 0 0
  462 0.4615 0 0
  463 0.4625 0 0
  464 0.4635 0 0
  465 0.4645 0 0
  466 0.4655 0 0
  467 0.4665 0 0
  468 0.4675 0 0
  469 0.4685 0 0
  470 0.4695 0 0
  471 0.4705 0 0
  472 0.4715 0 0
  473 0.4725 0 0
  474 0.4735 0 0
  475 0.4745 0 0
  476 0.4755 0 0
  477 0.4765 0 0
  478 0.4775 0 0
  479 0.4785 0 0
  480 0.4795 0 0
  481 0.4805 0 0
  482 0.4815 0 0
  483 0.4825 0 0
  484 0.4835 0 0
  485 0.4845 0 0
  486 0.4855 0 0
  487 0.4865 0 0
  488 0.4875 0 0
  489 0.4885 0 0
  490 0.4895 0 0
  491 0.4905 0 0
  492 0.4915 0 0
  493 0.4925 0 0
  494 0.4935 0 0
  495 0.4945 0 0
  496 0.4955 0 0
  497 0.4965 0 0
  498 0.4975 0 0
  499 0.4985 0 0
  500 0.4995 0 0
  501 0.5005 0 0
  502 0.5015 0 0
  503 0.5025 0 0
  504 0.5035 0 0
  505 0.5045 0 0
  506 0.5055 0 0
  507 0.5065 0 0
  508 0.5075 0 0
  509 0.5085 0 0
  510 0.5095 0 0
  511 0.5105 0 0
  512 0.5115 0 0
  513 0.5125 0 0
  514 0.5135 0 0
  515 0.5145 0 0
  516 0.5155 0 0
  517 0.5165 0 0
  518 0.5175 0 0
  519 0.5185 0 0
  520 0.5195 0 0
  521 0.5205 0 0
  522 0.5215 0 0
  523 0.5225 0 0
  524 0.5235 0 0
  525 0.5245 0 0
  526 0.5255 0 0
  527 0.5265 0 0
  528 0.5275 0 0
  529 0.5285 0 0
  530 0.5295 0 0
  531 0.5305 0 0
  532 0.5315 0 0
  533 0.5325 0 0
  534 0.5335 0 0
  535 0.5345 0 0
  536 0.5355 0 0
  537 0.5365 0 0
  538 0.5375 0 0
  539 0.5385 0 0
  540 0.5395 0 0
  541 0.5405 0 0
  542 0.5415 0 0
  543 0.5425 0 0
  544 0.5435 0 0
  545 0.5445 0 0
  546 0.5455 0 0
  547 0.5465 0 0
  548 0.5475 0 0
  549 0.5485 0 0
  550 0.5495 0 0
  551 0.5505 0 0
  552 0.5515 0 0
  553 0.5525 0 0
  554 0.5535 0 0
  555 0.5545 0 0
  556 0.5555 0 0
  557 0.5565 0 0
  558 0.5575 0 0
  559 0.5585 0 0
  560 0.5595 0 0
  561 0.5605 0 0
  562 0.5615 0 0
  563 0.5625 0 0
  564 0.5635 0 0
  565 0.5645 0 0
  566 0.5655 0 0
  567 0.5665 0 0
  568 0.5675 0 0
  569 0.5685 0 0
  570 0.5695 0 0
  571 0.5705 0 0
  572 0.5715 0 0
  573 0.5725 0 0
  574 0.5735 0 0
  575 0.5745 0 0
  576 0.5755 0 0
  577 0.5765 0 0
  578 0.5775 0 0
  579 0.5785 0 0
  580 0.5795 0 0
  581 0.5805 0 0
  582 0.5815 0 0
  583 0.5825 0 0
  584 0.5835 0 0
  585 0.5845 0 0
  586 0.5855 0 0
  587 0.5865 0 0
  588 0.5875 0 0
  589 0.5885 0 0
  590 0.5895 0 0
  591 0.5905 0 0
  592 0.5915 0 0
  593 0.5925 0 0
  594 0.5935 0 0
  595 0.5945 0 0
  596 0.5955 0 0
  597 0.5965 0 0
  598 0.5975 0 0
  599 0.5985 0 0
  600 0.5995 0 0
  601 0.6005 0 0
  602 0.6015 0 0
  603 0.6025 0 0
  604 0.6035 0 0
  605 0.6045 0 0
  606 0.6055 0 0
  607 0.6065 0 0
  608 0.6075 0 0
  609 0.6085 0 0
  610 0.6095 0 0
  611 0.6105 0 0
  612 0.6115 0 0
  613 0.6125 0 0
  614 0.6135 0 0
  615 0.6145 0 0
  616 0.6155 0 0
  617 0.6165 0 0
  618 0.6175 0 0
  619 0.6185 0 0
  620 0.6195 0 0
  621 0.6205 0 0
  622 0.6215 0 0
  623 0.6225 0 0
  624 0.6235 0 0
  625 0.6245 0 0
  626 0.6255 0 0
  627 0.6265 0 0
  628 0.6275 0 0
  629 0.6285 0 0
  630 0.6295 0 0
  631 0.6305 0 0
  632 0.6315 0 0
  633 0.6325 0 0
  634 0.6335 0 0
  635 0.6345 0 0
  636 0.6355 0 0
  637 0.6365 0 0
  638 0.6375 0 0
  639 0.6385 0 0
  640 0.6395 0 0
  641 0.6405 0 0
  642 0.6415 0 0
  643 0.6425 0 0
  644 0.6435 0 0
  645 0.6445 0 0
  646 0.6455 0 0
  647 0.6465 0 0
  648 0.6475 0 0
  649 0.6485 0 0
  650 0.6495 0 0
  651 0.6505 0 0
  652 0.6515 0 0
  653 0.6525 0 0
  654 0.6535 0 0
  655 0.6545 0 0
  656 0.6555 0 0
  657 0.6565 0 0
  658 0.6575 0 0
  659 0.6585 0 0
  660 0.6595 0 0
  661 0.6605 0 0
  662 0.6615 0 0
  663 0.6625 0 0
  664 0.6635 0 0
  665 0.6645 0 0
  666 0.6655 0 0
  667 0.6665 0 0
  668 0.6675 0 0
  669 0.6685 0 0
  670 0.6695 0 0
  671 0.6705 0 0
  672 0.6715 0 0
  673 0.6725 0 0
  674 0.6735 0 0
  675 0.6745 0 0
  676 0.6755 0 0
  677 0.6765 0 0
  678 0.6775 0 0
  679 0.6785 0 0
  680 0.6795 0 0
  681 0.6805 0 0
  682 0.6815 0 0
  683 0.6825 0 0
  684 0.6835 0 0
  685 0.6845 0 0
  686 0.6855 0 0
  687 0.6865 0 0
  688 0.6875 0 0
  689 0.6885 0 0
  690 0.6895 0 0
  691 0.6905 0 0
  692 0.6915 0 0
  693 0.6925 0 0
  694 0.6935 0 0
  695 0.6945 0 0
  696 0.6955 0 0
  697 0.6965 0 0
  698 0.6975 0 0
  699 0.6985 0 0
  700 0.6995 0 0
  701 0.7005 0 0
  702 0.7015 0 0
  703 0.7025 0 0
  704 0.7035 0 0
  705 0.7045 0 0
  706 0.7055 0 0
  707 0.7065 0 0
  708 0.7075 0 0
  709 0.7085 0 0
  710 0.7095 0 0
  711 0.7105 0 0
  712 0.7115 0 0
  713 0.7125 0 0
  714 0.7135 0 0
  715 0.7145 0 0
  716 0.7155 0 0
  717 0.7165 0 0
  718 0.7175 0 0
  719 0.7185 0 0
  720 0.7195 0 0
  721 0.7205 0 0
  722 0.7215 0 0
  723 0.7225 0 0
  724 0.7235 0 0
  725 0.7245 0 0
  726 0.7255 0 0
  727 0.7265 0 0
  728 0.7275 0 0
  729 0.7285 0 0
  730 0.7295 0 0
  731 0.7305 0 0
  732 0.7315 0 0
  733 0.7325 0 0
  734 0.7335 0 0
  735 0.7345 0 0
  736 0.7355 0 0
  737 0.7365 0 0
  738 0.7375 0 0
  739 0.7385 0 0
  740 0.7395 0 0
  741 0.7405 0 0
  742 0.7415 0 0
  743 0.7425 0 0
  744 0.7435 0 0
  745 0.7445 0 0
  746 0.7455 0 0
  747 0.7465 0 0
  748 0.7475 0 0
  749 0.7485 0 0
  750 0.7495 0 0
  751 0.7505 0 0
  752 0.7515 0 0
  753 0.7525 0 0
  754 0.7535 0 0
  755 0.7545 0 0
  756 0.7555 0 0
  757 0.7565 0 0
  758 0.7575 0 0
  759 0.7585 0 0
  760 0.7595 0 0
  761 0.7605 0 0
  762 0.7615 0 0
  763 0.7625 0 0
  764 0.7635 0 0
  765 0.7645 0 0
  766 0.7655 0 0
  767 0.7665 0 0
  768 0.7675 0 0
  769 0.7685 0 0
  770 0.7695 0 0
  771 0.7705 0 0
  772 0.7715 0 0
  773 0.7725 0 0
  774 0.7735 0 0
  775 0.7745 0 0
  776 0.7755 0 0
  777 0.7765 0 0
  778 0.7775 0 0
  779 0.7785 0 0
  780 0.7795 0 0
  781 0.7805 0 0
  782 0.7815 0 0
  783 0.7825 0 0
  784 0.7835 0 0
  785 0.7845 0 0
  786 0.7855 0 0
  787 0.7865 0 0
  788 0.7875 0 0
  789 0.7885 0 0
  790 0.7895 0 0
  791 0.7905 0 0
  792 0.7915 0 0
  793 0.7925 0 0
  794 0.7935 0 0
  795 0.7945 0 0
  796 0.7955 0 0
  797 0.7965 0 0
  798 0.7975 0 0
  799 0.7985 0 0
  800 0.7995 0 0
  801 0.8005 0 0
  802 0.8015 0 0
  803 0.8025 0 0
  804 0.8035 0 0
  805 0.8045 0 0
  806 0.8055 0 0
  807 0.8065 0 0
  808 0.8075 0 0
  809 0.8085 0 0
  810 0.8095 0 0
  811 0.8105 0 0
  812 0.8115 0 0
  813 0.8125 0 0
  814 0.8135 0 0
  815 0.8145 0 0
  816 0.8155 0 0
  817 0.8165 0 0
  818 0.8175 0 0
  819 0.8185 0 0
  820 0.8195 0 0
  821 0.8205 0 0
  822 0.8215 0 0
  823 0.8225 0 0
  824 0.8235 0 0
  825 0.8245 0 0
  826 0.8255 0 0
  827 0.8265 0 0
  828 0.8275 0 0
  829 0.8285 0 0
  830 0.8295 0 0
  831 0.8305 0 0
  832 0.8315 0 0
  833 0.8325 0 0
  834 0.8335 0 0
  835 0.8345 0 0
  836 0.8355 0 0
  837 0.8365 0 0
  838 0.8375 0 0
  839 0.8385 0 0
  840 0.8395 0 0
  841 0.8405 0 0
  842 0.8415 0 0
  843 0.8425 0 0
  844 0.8435 0 0
  845 0.8445 0 0
  846 0.8455 0 0
  847 0.8465 0 0
  848 0.8475 0 0
  849 0.8485 0 0
  850 0.8495 0 0
  851 0.8505 0 0
  852 0.8515 0 0
  853 0.8525 0 0
  854 0.8535 0 0
  855 0.8545 0 0
  856 0.8555 0 0
  857 0.8565 0 0
  858 0.8575 0 0
  859 0.8585 0 0
  860 0.8595 0 0
  861 0.8605 0 0
  862 0.8615 0 0
  863 0.8625 0 0
  864 0.8635 0 0
  865 0.8645 0 0
  866 0.8655 0 0
  867 0.8665 0 0
  868 0.8675 0 0
  869 0.8685 0 0
  870 0.8695 0 0
  871 0.8705 0 0
  872 0.8715 0 0
  873 0.8725 0 0
  874 0.8735 0 0
  875 0.8745 0 0
  876 0.8755 0 0
  877 0.8765 0 0
  878 0.8775 0 0
  879 0.8785 0 0
  880 0.8795 0 0
  881 0.8805 0 0
  882 0.8815 0 0
  883 0.8825 0 0
  884 0.8835 0 0
  885 0.8845 0 0
  886 0.8855 0 0
  887 0.8865 0 0
  888 0.8875 0 0
  889 0.8885 0 0
  890 0.8895 0 0
  891 0.8905 0 0
  892 0.8915 0 0
  893 0.8925 0 0
  894 0.8935 0 0
  895 0.8945 0 0
  896 0.8955 0 0
  897 0.8965 0 0
  898 0.8975 0 0
  899 0.8985 0 0
  900 0.8995 0 0
  901 0.9005 0 0
  902 0.9015 0 0
  903 0.9025 0 0
  904 0.9035 0 0
  905 0.9045 0 0
  906 0.9055 0 0
  907 0.9065 0 0
  908 0.9075 0 0
  909 0.9085 0 0
  910 0.9095 0 0
  911 0.9105 0 0
  912 0.9115 0 0
  913 0.9125 0 0
  914 0.9135 0 0
  915 0.9145 0 0
  916 0.9155 0 0
  917 0.9165 0 0
  918 0.9175 0 0
  919 0.9185 0 0
  920 0.9195 0 0
  921 0.9205 0 0
  922 0.9215 0 0
  923 0.9225 0 0
  924 0.9235 0 0
  925 0.9245 0 0
  926 0.9255 0 0
  927 0.9265 0 0
  928 0.9275 0 0
  929 0.9285 0 0
  930 0.9295 0 0
  931 0.9305 0 0
  932 0.9315 0 0
  933 0.9325 0 0
  934 0.9335 0 0
  935 0.9345 0 0
  936 0.9355 0 0
  937 0.9365 0 0
  938 0.9375 0 0
  939 0.9385 0 0
  940 0.9395 0 0
  941 0.9405 0 0
  942 0.9415 0 0
  943 0.9425 0 0
  944 0.9435 0 0
  945 0.9445 0 0
  946 0.9455 0 0
  947 0.9465 0 0
  948 0.9475 0 0
  949 0.9485 0 0
  950 0.9495 0 0
  951 0.9505 0 0
  952 0.9515 0 0
  953 0.9525 0 0
  954 0.9535 0 0
  955 0.9545 0 0
  956 0.9555 0 0
  957 0.9565 0 0
  958 0.9575 0 0
  959 0.9585 0 0
  960 0.9595 0 0
  961 0.9605 0 0
  962 0.9615 0 0
  963 0.9625 0 0
  964 0.9635 0 0
  965 0.9645 0 0
  966 0.9655 0 0
  967 0.9665 0 0
  968 0.9675 0 0
  969 0.9685 0 0
  970 0.9695 0 0
  971 0.9705 0 0
  972 0.9715 0 0
  973 0.9725 0 0
  974 0.9735 0 0
  975 0.9745 0 0
  976 0.9755 0 0
  977 0.9765 0 0
  978 0.9775 0 0
  979 0.9785 0 0
  980 0.9795 0 0
  981 0.9805 0 0
  982 0.9815 0 0
  983 0.9825 0 0
  984 0.9835 0 0
  985 0.9845 0 0
  986 0.9855 0 0
  987 0.9865 0 0
  988 0.9875 0 0
  989 0.9885 0 0
  990 0.9895 0 0
  991 0.9905 0 0
  992 0.9915 0 0
  993 0.9925 0 0
  994 0.9935 0 0
  995 0.9945 0 0
  996 0.9955 0 0
  997 0.9965 0 0
  998 0.9975 0 0
  999 0.9985 0 0
  1000 0.9995 0 0
