# Chunk-averaged data for fix bbeads_cdz and group file
# Timestep Number-of-chunks Total-count
# Chunk Coord1 Ncount density/number
420000 1000 14400
  1 0.0005 0 0
  2 0.0015 0 0
  3 0.0025 0 0
  4 0.0035 0 0
  5 0.0045 0 0
  6 0.0055 0 0
  7 0.0065 0 0
  8 0.0075 0 0
  9 0.0085 0 0
  10 0.0095 0 0
  11 0.0105 0 0
  12 0.0115 0 0
  13 0.0125 0 0
  14 0.0135 0 0
  15 0.0145 0 0
  16 0.0155 0 0
  17 0.0165 0 0
  18 0.0175 0 0
  19 0.0185 0 0
  20 0.0195 0 0
  21 0.0205 0 0
  22 0.0215 0 0
  23 0.0225 0 0
  24 0.0235 0 0
  25 0.0245 0 0
  26 0.0255 0 0
  27 0.0265 0 0
  28 0.0275 0 0
  29 0.0285 0 0
  30 0.0295 0 0
  31 0.0305 0 0
  32 0.0315 0 0
  33 0.0325 0 0
  34 0.0335 0 0
  35 0.0345 0 0
  36 0.0355 0 0
  37 0.0365 0 0
  38 0.0375 0 0
  39 0.0385 0 0
  40 0.0395 0 0
  41 0.0405 0 0
  42 0.0415 0 0
  43 0.0425 0 0
  44 0.0435 0 0
  45 0.0445 0 0
  46 0.0455 0 0
  47 0.0465 0 0
  48 0.0475 0 0
  49 0.0485 0 0
  50 0.0495 0 0
  51 0.0505 0 0
  52 0.0515 0 0
  53 0.0525 0 0
  54 0.0535 0 0
  55 0.0545 0 0
  56 0.0555 0 0
  57 0.0565 0 0
  58 0.0575 0 0
  59 0.0585 0 0
  60 0.0595 0 0
  61 0.0605 0 0
  62 0.0615 0 0
  63 0.0625 0 0
  64 0.0635 0 0
  65 0.0645 0 0
  66 0.0655 0 0
  67 0.0665 0 0
  68 0.0675 0 0
  69 0.0685 0 0
  70 0.0695 0.00142857 6.67584e-06
  71 0.0705 0.00142857 6.67584e-06
  72 0.0715 0.00285714 1.33517e-05
  73 0.0725 0.0185714 8.6786e-05
  74 0.0735 0.0771429 0.000360496
  75 0.0745 0.257143 0.00120165
  76 0.0755 0.67 0.00313097
  77 0.0765 1.62571 0.00759711
  78 0.0775 3.54857 0.0165828
  79 0.0785 7.13571 0.0333458
  80 0.0795 13.09 0.0611707
  81 0.0805 21.9871 0.102748
  82 0.0815 32.7157 0.152883
  83 0.0825 44.6743 0.208767
  84 0.0835 54.4086 0.254256
  85 0.0845 60.2729 0.28166
  86 0.0855 59.7586 0.279257
  87 0.0865 53.5929 0.250444
  88 0.0875 44.3914 0.207445
  89 0.0885 32.5457 0.152089
  90 0.0895 21.6814 0.101319
  91 0.0905 13.56 0.0633671
  92 0.0915 8.15571 0.0381124
  93 0.0925 5.92571 0.0276914
  94 0.0935 6.33714 0.029614
  95 0.0945 10.4714 0.0489339
  96 0.0955 19.5986 0.0915859
  97 0.0965 33.7414 0.157677
  98 0.0975 53.1614 0.248428
  99 0.0985 74.7229 0.349187
  100 0.0995 96.7257 0.452008
  101 0.1005 112.961 0.527879
  102 0.1015 119.659 0.559175
  103 0.1025 116.979 0.546651
  104 0.1035 112.683 0.526577
  105 0.1045 107.92 0.50432
  106 0.1055 105.163 0.491435
  107 0.1065 105.294 0.49205
  108 0.1075 107.201 0.500962
  109 0.1085 110.063 0.514334
  110 0.1095 112.847 0.527345
  111 0.1105 116.15 0.542779
  112 0.1115 117.45 0.548854
  113 0.1125 119.417 0.558047
  114 0.1135 119.557 0.558701
  115 0.1145 118.04 0.551612
  116 0.1155 115.709 0.540717
  117 0.1165 111.447 0.520803
  118 0.1175 108.186 0.505562
  119 0.1185 103.103 0.481809
  120 0.1195 98.8 0.461701
  121 0.1205 96.61 0.451467
  122 0.1215 94.6071 0.442108
  123 0.1225 93.32 0.436093
  124 0.1235 93.1714 0.435398
  125 0.1245 93.7386 0.438049
  126 0.1255 94.39 0.441093
  127 0.1265 95.84 0.447869
  128 0.1275 97.0029 0.453303
  129 0.1285 96.79 0.452308
  130 0.1295 96.2329 0.449705
  131 0.1305 96.1771 0.449444
  132 0.1315 95.6057 0.446774
  133 0.1325 94.6129 0.442134
  134 0.1335 92.8757 0.434017
  135 0.1345 92.3914 0.431753
  136 0.1355 91.6629 0.428349
  137 0.1365 91.9943 0.429898
  138 0.1375 93.3757 0.436353
  139 0.1385 93.7286 0.438002
  140 0.1395 94.4029 0.441153
  141 0.1405 95.5671 0.446594
  142 0.1415 96.2429 0.449752
  143 0.1425 96.9186 0.452909
  144 0.1435 97.4171 0.455239
  145 0.1445 97.6343 0.456254
  146 0.1455 97.2271 0.454351
  147 0.1465 96.9729 0.453163
  148 0.1475 96.9071 0.452856
  149 0.1485 95.6757 0.447101
  150 0.1495 95.8786 0.448049
  151 0.1505 95.4557 0.446073
  152 0.1515 95.9 0.448149
  153 0.1525 95.1671 0.444725
  154 0.1535 95.1829 0.444798
  155 0.1545 95.4357 0.44598
  156 0.1555 94.8171 0.443089
  157 0.1565 93.9971 0.439257
  158 0.1575 94.1 0.439738
  159 0.1585 94.56 0.441887
  160 0.1595 92.73 0.433336
  161 0.1605 92.3014 0.431333
  162 0.1615 91.8471 0.42921
  163 0.1625 90.3529 0.422227
  164 0.1635 89.1 0.416372
  165 0.1645 88.7786 0.41487
  166 0.1655 88.4743 0.413448
  167 0.1665 87.9771 0.411125
  168 0.1675 86.7886 0.405571
  169 0.1685 86.0386 0.402066
  170 0.1695 86.0786 0.402253
  171 0.1705 85.3686 0.398935
  172 0.1715 84.2157 0.393548
  173 0.1725 84.0914 0.392967
  174 0.1735 83.4343 0.389896
  175 0.1745 82.5786 0.385897
  176 0.1755 82.2043 0.384148
  177 0.1765 81.3386 0.380102
  178 0.1775 80.7714 0.377452
  179 0.1785 80.6786 0.377018
  180 0.1795 79.8471 0.373133
  181 0.1805 79.2657 0.370416
  182 0.1815 78.0857 0.364902
  183 0.1825 77.8614 0.363853
  184 0.1835 77.9557 0.364294
  185 0.1845 77.1043 0.360315
  186 0.1855 75.8814 0.354601
  187 0.1865 76.4286 0.357158
  188 0.1875 75.2043 0.351436
  189 0.1885 75.4143 0.352418
  190 0.1895 74.5171 0.348225
  191 0.1905 74.5871 0.348552
  192 0.1915 73.7971 0.344861
  193 0.1925 72.6729 0.339607
  194 0.1935 71.6943 0.335034
  195 0.1945 70.9171 0.331402
  196 0.1955 70.1157 0.327657
  197 0.1965 70.0314 0.327263
  198 0.1975 69.1943 0.323351
  199 0.1985 68.6514 0.320814
  200 0.1995 67.7057 0.316395
  201 0.2005 66.91 0.312676
  202 0.2015 66.1414 0.309085
  203 0.2025 66.0629 0.308718
  204 0.2035 64.2271 0.300139
  205 0.2045 63.0371 0.294578
  206 0.2055 62.5257 0.292188
  207 0.2065 61.7786 0.288697
  208 0.2075 60.7614 0.283944
  209 0.2085 59.8514 0.279691
  210 0.2095 59.1443 0.276387
  211 0.2105 59.0443 0.275919
  212 0.2115 57.2214 0.267401
  213 0.2125 56.9357 0.266066
  214 0.2135 55.8514 0.260999
  215 0.2145 55.3329 0.258575
  216 0.2155 54.0029 0.25236
  217 0.2165 54.1514 0.253054
  218 0.2175 53.1686 0.248462
  219 0.2185 53.2143 0.248675
  220 0.2195 52.1514 0.243708
  221 0.2205 51.2114 0.239316
  222 0.2215 51.0957 0.238775
  223 0.2225 50.8743 0.23774
  224 0.2235 49.9471 0.233407
  225 0.2245 49.4214 0.230951
  226 0.2255 48.3929 0.226144
  227 0.2265 48.2914 0.22567
  228 0.2275 47.68 0.222813
  229 0.2285 47.7886 0.22332
  230 0.2295 47.3929 0.221471
  231 0.2305 46.9071 0.219201
  232 0.2315 46.6286 0.2179
  233 0.2325 45.5071 0.212659
  234 0.2335 45.3286 0.211824
  235 0.2345 45.1843 0.21115
  236 0.2355 44.4457 0.207699
  237 0.2365 44.2971 0.207005
  238 0.2375 43.7543 0.204468
  239 0.2385 43.6114 0.2038
  240 0.2395 42.4629 0.198433
  241 0.2405 42.44 0.198326
  242 0.2415 41.0714 0.19193
  243 0.2425 41.1543 0.192318
  244 0.2435 39.9243 0.18657
  245 0.2445 40.0386 0.187104
  246 0.2455 38.9357 0.18195
  247 0.2465 38.1971 0.178499
  248 0.2475 37.9057 0.177137
  249 0.2485 37.2243 0.173952
  250 0.2495 36.8229 0.172077
  251 0.2505 36.2514 0.169406
  252 0.2515 35.7571 0.167096
  253 0.2525 34.9714 0.163425
  254 0.2535 34.6686 0.162009
  255 0.2545 34.07 0.159212
  256 0.2555 33.2 0.155147
  257 0.2565 32.6071 0.152376
  258 0.2575 32.59 0.152296
  259 0.2585 31.9914 0.149499
  260 0.2595 31.7671 0.148451
  261 0.2605 31.4671 0.147049
  262 0.2615 30.9329 0.144552
  263 0.2625 30.8043 0.143951
  264 0.2635 30.0829 0.14058
  265 0.2645 29.6786 0.138691
  266 0.2655 28.8786 0.134952
  267 0.2665 28.18 0.131688
  268 0.2675 28.1286 0.131447
  269 0.2685 27.7143 0.129511
  270 0.2695 26.9871 0.126113
  271 0.2705 26.9457 0.12592
  272 0.2715 26.2486 0.122662
  273 0.2725 25.6929 0.120065
  274 0.2735 25.4629 0.11899
  275 0.2745 25.4171 0.118777
  276 0.2755 24.6386 0.115138
  277 0.2765 24.3729 0.113897
  278 0.2775 24.3214 0.113656
  279 0.2785 23.6 0.110285
  280 0.2795 22.9143 0.107081
  281 0.2805 23.0514 0.107721
  282 0.2815 22.6486 0.105839
  283 0.2825 21.8657 0.10218
  284 0.2835 21.8114 0.101927
  285 0.2845 21.1 0.0986022
  286 0.2855 20.9829 0.0980548
  287 0.2865 20.6457 0.0964793
  288 0.2875 20.1786 0.0942963
  289 0.2885 20.0486 0.0936888
  290 0.2895 19.6614 0.0918796
  291 0.2905 19.6771 0.0919531
  292 0.2915 18.6443 0.0871264
  293 0.2925 18.9243 0.0884349
  294 0.2935 18.3614 0.0858046
  295 0.2945 18.1214 0.0846831
  296 0.2955 17.3714 0.0811782
  297 0.2965 17.2043 0.0803972
  298 0.2975 16.7386 0.0782209
  299 0.2985 16.9157 0.0790487
  300 0.2995 16.0929 0.0752034
  301 0.3005 16.1514 0.0754771
  302 0.3015 15.55 0.0726665
  303 0.3025 15.5357 0.0725998
  304 0.3035 15.1357 0.0707306
  305 0.3045 14.8886 0.0695756
  306 0.3055 14.4186 0.0673793
  307 0.3065 14.1257 0.0660107
  308 0.3075 14.07 0.0657504
  309 0.3085 13.4557 0.0628798
  310 0.3095 13.3586 0.0624258
  311 0.3105 13.2657 0.0619919
  312 0.3115 12.79 0.0597688
  313 0.3125 12.5814 0.0587941
  314 0.3135 12.5771 0.0587741
  315 0.3145 12.0786 0.0564443
  316 0.3155 12.0357 0.056244
  317 0.3165 11.62 0.0543013
  318 0.3175 11.3171 0.052886
  319 0.3185 11.23 0.0524788
  320 0.3195 10.7843 0.0503959
  321 0.3205 10.67 0.0498619
  322 0.3215 10.3057 0.0481595
  323 0.3225 10.3614 0.0484199
  324 0.3235 10.0171 0.046811
  325 0.3245 9.67571 0.0452155
  326 0.3255 9.44857 0.044154
  327 0.3265 9.07143 0.0423916
  328 0.3275 9.03 0.042198
  329 0.3285 8.79286 0.0410898
  330 0.3295 8.70286 0.0406692
  331 0.3305 8.38 0.0391605
  332 0.3315 8.35 0.0390203
  333 0.3325 8.03 0.0375249
  334 0.3335 7.89 0.0368707
  335 0.3345 7.61857 0.0356023
  336 0.3355 7.51714 0.0351283
  337 0.3365 7.09286 0.0331456
  338 0.3375 7.06143 0.0329987
  339 0.3385 6.98857 0.0326582
  340 0.3395 6.72571 0.0314299
  341 0.3405 6.54429 0.030582
  342 0.3415 6.52429 0.0304886
  343 0.3425 6.26857 0.0292936
  344 0.3435 6.21571 0.0290466
  345 0.3445 6.07571 0.0283924
  346 0.3455 5.64 0.0263562
  347 0.3465 5.68286 0.0265565
  348 0.3475 5.48714 0.0256419
  349 0.3485 5.24 0.024487
  350 0.3495 5.02 0.0234589
  351 0.3505 4.84714 0.0226511
  352 0.3515 4.63571 0.0216631
  353 0.3525 4.49857 0.0210222
  354 0.3535 4.43 0.0207018
  355 0.3545 4.27429 0.0199741
  356 0.3555 4.14571 0.0193733
  357 0.3565 3.87143 0.0180915
  358 0.3575 3.76571 0.0175975
  359 0.3585 3.73 0.0174306
  360 0.3595 3.52143 0.016456
  361 0.3605 3.45429 0.0161422
  362 0.3615 3.39571 0.0158685
  363 0.3625 3.10286 0.0144999
  364 0.3635 3.02143 0.0141194
  365 0.3645 2.91571 0.0136254
  366 0.3655 2.66 0.0124304
  367 0.3665 2.56857 0.0120032
  368 0.3675 2.60143 0.0121567
  369 0.3685 2.44286 0.0114157
  370 0.3695 2.33 0.0108883
  371 0.3705 2.30143 0.0107548
  372 0.3715 2.20714 0.0103142
  373 0.3725 2.09857 0.00980681
  374 0.3735 2.10286 0.00982684
  375 0.3745 1.84714 0.00863186
  376 0.3755 1.87 0.00873868
  377 0.3765 1.82286 0.00851838
  378 0.3775 1.81143 0.00846497
  379 0.3785 1.68286 0.00786414
  380 0.3795 1.58714 0.00741686
  381 0.3805 1.52143 0.00710977
  382 0.3815 1.44714 0.00676263
  383 0.3825 1.35857 0.00634873
  384 0.3835 1.25 0.00584136
  385 0.3845 1.26 0.00588809
  386 0.3855 1.14 0.00532732
  387 0.3865 1.05143 0.00491342
  388 0.3875 0.982857 0.00459298
  389 0.3885 0.968571 0.00452622
  390 0.3895 0.865714 0.00404556
  391 0.3905 0.872857 0.00407894
  392 0.3915 0.744286 0.00347811
  393 0.3925 0.707143 0.00330454
  394 0.3935 0.637143 0.00297743
  395 0.3945 0.592857 0.00277047
  396 0.3955 0.61 0.00285058
  397 0.3965 0.531429 0.00248341
  398 0.3975 0.482857 0.00225643
  399 0.3985 0.462857 0.00216297
  400 0.3995 0.438571 0.00204948
  401 0.4005 0.397143 0.00185588
  402 0.4015 0.38 0.00177577
  403 0.4025 0.34 0.00158885
  404 0.4035 0.285714 0.00133517
  405 0.4045 0.258571 0.00120833
  406 0.4055 0.227143 0.00106146
  407 0.4065 0.228571 0.00106813
  408 0.4075 0.205714 0.000961321
  409 0.4085 0.178571 0.00083448
  410 0.4095 0.174286 0.000814453
  411 0.4105 0.154286 0.000720991
  412 0.4115 0.135714 0.000634205
  413 0.4125 0.142857 0.000667584
  414 0.4135 0.0914286 0.000427254
  415 0.4145 0.0985714 0.000460633
  416 0.4155 0.09 0.000420578
  417 0.4165 0.0942857 0.000440606
  418 0.4175 0.0885714 0.000413902
  419 0.4185 0.0528571 0.000247006
  420 0.4195 0.0514286 0.00024033
  421 0.4205 0.0485714 0.000226979
  422 0.4215 0.0471429 0.000220303
  423 0.4225 0.0414286 0.000193599
  424 0.4235 0.0528571 0.000247006
  425 0.4245 0.0342857 0.00016022
  426 0.4255 0.0314286 0.000146869
  427 0.4265 0.02 9.34618e-05
  428 0.4275 0.0228571 0.000106813
  429 0.4285 0.0285714 0.000133517
  430 0.4295 0.0228571 0.000106813
  431 0.4305 0.01 4.67309e-05
  432 0.4315 0.0171429 8.01101e-05
  433 0.4325 0.00285714 1.33517e-05
  434 0.4335 0.00714286 3.33792e-05
  435 0.4345 0.0171429 8.01101e-05
  436 0.4355 0.01 4.67309e-05
  437 0.4365 0.00714286 3.33792e-05
  438 0.4375 0.00428571 2.00275e-05
  439 0.4385 0.00714286 3.33792e-05
  440 0.4395 0.00571429 2.67034e-05
  441 0.4405 0.00857143 4.00551e-05
  442 0.4415 0.00428571 2.00275e-05
  443 0.4425 0.00142857 6.67584e-06
  444 0.4435 0 0
  445 0.4445 0.00428571 2.00275e-05
  446 0.4455 0.00142857 6.67584e-06
  447 0.4465 0.00285714 1.33517e-05
  448 0.4475 0 0
  449 0.4485 0 0
  450 0.4495 0 0
  451 0.4505 0 0
  452 0.4515 0 0
  453 0.4525 0 0
  454 0.4535 0 0
  455 0.4545 0 0
  456 0.4555 0 0
  457 0.4565 0 0
  458 0.4575 0 0
  459 0.4585 0 0
  460 0.4595 0 0
  461 0.4605 0 0
  462 0.4615 0 0
  463 0.4625 0 0
  464 0.4635 0 0
  465 0.4645 0 0
  466 0.4655 0 0
  467 0.4665 0 0
  468 0.4675 0 0
  469 0.4685 0 0
  470 0.4695 0 0
  471 0.4705 0 0
  472 0.4715 0 0
  473 0.4725 0 0
  474 0.4735 0 0
  475 0.4745 0 0
  476 0.4755 0 0
  477 0.4765 0 0
  478 0.4775 0 0
  479 0.4785 0 0
  480 0.4795 0 0
  481 0.4805 0 0
  482 0.4815 0 0
  483 0.4825 0 0
  484 0.4835 0 0
  485 0.4845 0 0
  486 0.4855 0 0
  487 0.4865 0 0
  488 0.4875 0 0
  489 0.4885 0 0
  490 0.4895 0 0
  491 0.4905 0 0
  492 0.4915 0 0
  493 0.4925 0 0
  494 0.4935 0 0
  495 0.4945 0 0
  496 0.4955 0 0
  497 0.4965 0 0
  498 0.4975 0 0
  499 0.4985 0 0
  500 0.4995 0 0
  501 0.5005 0 0
  502 0.5015 0 0
  503 0.5025 0 0
  504 0.5035 0 0
  505 0.5045 0 0
  506 0.5055 0 0
  507 0.5065 0 0
  508 0.5075 0 0
  509 0.5085 0 0
  510 0.5095 0 0
  511 0.5105 0 0
  512 0.5115 0 0
  513 0.5125 0 0
  514 0.5135 0 0
  515 0.5145 0 0
  516 0.5155 0 0
  517 0.5165 0 0
  518 0.5175 0 0
  519 0.5185 0 0
  520 0.5195 0 0
  521 0.5205 0 0
  522 0.5215 0 0
  523 0.5225 0 0
  524 0.5235 0 0
  525 0.5245 0 0
  526 0.5255 0 0
  527 0.5265 0 0
  528 0.5275 0 0
  529 0.5285 0 0
  530 0.5295 0 0
  531 0.5305 0 0
  532 0.5315 0 0
  533 0.5325 0 0
  534 0.5335 0 0
  535 0.5345 0 0
  536 0.5355 0 0
  537 0.5365 0 0
  538 0.5375 0 0
  539 0.5385 0 0
  540 0.5395 0 0
  541 0.5405 0 0
  542 0.5415 0 0
  543 0.5425 0 0
  544 0.5435 0 0
  545 0.5445 0 0
  546 0.5455 0 0
  547 0.5465 0 0
  548 0.5475 0 0
  549 0.5485 0 0
  550 0.5495 0 0
  551 0.5505 0 0
  552 0.5515 0 0
  553 0.5525 0 0
  554 0.5535 0 0
  555 0.5545 0 0
  556 0.5555 0 0
  557 0.5565 0 0
  558 0.5575 0 0
  559 0.5585 0 0
  560 0.5595 0 0
  561 0.5605 0 0
  562 0.5615 0 0
  563 0.5625 0 0
  564 0.5635 0 0
  565 0.5645 0 0
  566 0.5655 0 0
  567 0.5665 0 0
  568 0.5675 0 0
  569 0.5685 0 0
  570 0.5695 0 0
  571 0.5705 0 0
  572 0.5715 0 0
  573 0.5725 0 0
  574 0.5735 0 0
  575 0.5745 0 0
  576 0.5755 0 0
  577 0.5765 0 0
  578 0.5775 0 0
  579 0.5785 0 0
  580 0.5795 0 0
  581 0.5805 0 0
  582 0.5815 0 0
  583 0.5825 0 0
  584 0.5835 0 0
  585 0.5845 0 0
  586 0.5855 0 0
  587 0.5865 0 0
  588 0.5875 0 0
  589 0.5885 0 0
  590 0.5895 0 0
  591 0.5905 0 0
  592 0.5915 0 0
  593 0.5925 0 0
  594 0.5935 0 0
  595 0.5945 0 0
  596 0.5955 0 0
  597 0.5965 0 0
  598 0.5975 0 0
  599 0.5985 0 0
  600 0.5995 0 0
  601 0.6005 0 0
  602 0.6015 0 0
  603 0.6025 0 0
  604 0.6035 0 0
  605 0.6045 0 0
  606 0.6055 0 0
  607 0.6065 0 0
  608 0.6075 0 0
  609 0.6085 0 0
  610 0.6095 0 0
  611 0.6105 0 0
  612 0.6115 0 0
  613 0.6125 0 0
  614 0.6135 0 0
  615 0.6145 0 0
  616 0.6155 0 0
  617 0.6165 0 0
  618 0.6175 0 0
  619 0.6185 0 0
  620 0.6195 0 0
  621 0.6205 0 0
  622 0.6215 0 0
  623 0.6225 0 0
  624 0.6235 0 0
  625 0.6245 0 0
  626 0.6255 0 0
  627 0.6265 0 0
  628 0.6275 0 0
  629 0.6285 0 0
  630 0.6295 0 0
  631 0.6305 0 0
  632 0.6315 0 0
  633 0.6325 0 0
  634 0.6335 0 0
  635 0.6345 0 0
  636 0.6355 0 0
  637 0.6365 0 0
  638 0.6375 0 0
  639 0.6385 0 0
  640 0.6395 0 0
  641 0.6405 0 0
  642 0.6415 0 0
  643 0.6425 0 0
  644 0.6435 0 0
  645 0.6445 0 0
  646 0.6455 0 0
  647 0.6465 0 0
  648 0.6475 0 0
  649 0.6485 0 0
  650 0.6495 0 0
  651 0.6505 0 0
  652 0.6515 0 0
  653 0.6525 0 0
  654 0.6535 0 0
  655 0.6545 0 0
  656 0.6555 0 0
  657 0.6565 0 0
  658 0.6575 0 0
  659 0.6585 0 0
  660 0.6595 0 0
  661 0.6605 0 0
  662 0.6615 0 0
  663 0.6625 0 0
  664 0.6635 0 0
  665 0.6645 0 0
  666 0.6655 0 0
  667 0.6665 0 0
  668 0.6675 0 0
  669 0.6685 0 0
  670 0.6695 0 0
  671 0.6705 0 0
  672 0.6715 0 0
  673 0.6725 0 0
  674 0.6735 0 0
  675 0.6745 0 0
  676 0.6755 0 0
  677 0.6765 0 0
  678 0.6775 0 0
  679 0.6785 0 0
  680 0.6795 0 0
  681 0.6805 0 0
  682 0.6815 0 0
  683 0.6825 0 0
  684 0.6835 0 0
  685 0.6845 0 0
  686 0.6855 0 0
  687 0.6865 0 0
  688 0.6875 0 0
  689 0.6885 0 0
  690 0.6895 0 0
  691 0.6905 0 0
  692 0.6915 0 0
  693 0.6925 0 0
  694 0.6935 0 0
  695 0.6945 0 0
  696 0.6955 0 0
  697 0.6965 0 0
  698 0.6975 0 0
  699 0.6985 0 0
  700 0.6995 0 0
  701 0.7005 0 0
  702 0.7015 0 0
  703 0.7025 0 0
  704 0.7035 0 0
  705 0.7045 0 0
  706 0.7055 0 0
  707 0.7065 0 0
  708 0.7075 0 0
  709 0.7085 0 0
  710 0.7095 0 0
  711 0.7105 0 0
  712 0.7115 0 0
  713 0.7125 0 0
  714 0.7135 0 0
  715 0.7145 0 0
  716 0.7155 0 0
  717 0.7165 0 0
  718 0.7175 0 0
  719 0.7185 0 0
  720 0.7195 0 0
  721 0.7205 0 0
  722 0.7215 0 0
  723 0.7225 0 0
  724 0.7235 0 0
  725 0.7245 0 0
  726 0.7255 0 0
  727 0.7265 0 0
  728 0.7275 0 0
  729 0.7285 0 0
  730 0.7295 0 0
  731 0.7305 0 0
  732 0.7315 0 0
  733 0.7325 0 0
  734 0.7335 0 0
  735 0.7345 0 0
  736 0.7355 0 0
  737 0.7365 0 0
  738 0.7375 0 0
  739 0.7385 0 0
  740 0.7395 0 0
  741 0.7405 0 0
  742 0.7415 0 0
  743 0.7425 0 0
  744 0.7435 0 0
  745 0.7445 0 0
  746 0.7455 0 0
  747 0.7465 0 0
  748 0.7475 0 0
  749 0.7485 0 0
  750 0.7495 0 0
  751 0.7505 0 0
  752 0.7515 0 0
  753 0.7525 0 0
  754 0.7535 0 0
  755 0.7545 0 0
  756 0.7555 0 0
  757 0.7565 0 0
  758 0.7575 0 0
  759 0.7585 0 0
  760 0.7595 0 0
  761 0.7605 0 0
  762 0.7615 0 0
  763 0.7625 0 0
  764 0.7635 0 0
  765 0.7645 0 0
  766 0.7655 0 0
  767 0.7665 0 0
  768 0.7675 0 0
  769 0.7685 0 0
  770 0.7695 0 0
  771 0.7705 0 0
  772 0.7715 0 0
  773 0.7725 0 0
  774 0.7735 0 0
  775 0.7745 0 0
  776 0.7755 0 0
  777 0.7765 0 0
  778 0.7775 0 0
  779 0.7785 0 0
  780 0.7795 0 0
  781 0.7805 0 0
  782 0.7815 0 0
  783 0.7825 0 0
  784 0.7835 0 0
  785 0.7845 0 0
  786 0.7855 0 0
  787 0.7865 0 0
  788 0.7875 0 0
  789 0.7885 0 0
  790 0.7895 0 0
  791 0.7905 0 0
  792 0.7915 0 0
  793 0.7925 0 0
  794 0.7935 0 0
  795 0.7945 0 0
  796 0.7955 0 0
  797 0.7965 0 0
  798 0.7975 0 0
  799 0.7985 0 0
  800 0.7995 0 0
  801 0.8005 0 0
  802 0.8015 0 0
  803 0.8025 0 0
  804 0.8035 0 0
  805 0.8045 0 0
  806 0.8055 0 0
  807 0.8065 0 0
  808 0.8075 0 0
  809 0.8085 0 0
  810 0.8095 0 0
  811 0.8105 0 0
  812 0.8115 0 0
  813 0.8125 0 0
  814 0.8135 0 0
  815 0.8145 0 0
  816 0.8155 0 0
  817 0.8165 0 0
  818 0.8175 0 0
  819 0.8185 0 0
  820 0.8195 0 0
  821 0.8205 0 0
  822 0.8215 0 0
  823 0.8225 0 0
  824 0.8235 0 0
  825 0.8245 0 0
  826 0.8255 0 0
  827 0.8265 0 0
  828 0.8275 0 0
  829 0.8285 0 0
  830 0.8295 0 0
  831 0.8305 0 0
  832 0.8315 0 0
  833 0.8325 0 0
  834 0.8335 0 0
  835 0.8345 0 0
  836 0.8355 0 0
  837 0.8365 0 0
  838 0.8375 0 0
  839 0.8385 0 0
  840 0.8395 0 0
  841 0.8405 0 0
  842 0.8415 0 0
  843 0.8425 0 0
  844 0.8435 0 0
  845 0.8445 0 0
  846 0.8455 0 0
  847 0.8465 0 0
  848 0.8475 0 0
  849 0.8485 0 0
  850 0.8495 0 0
  851 0.8505 0 0
  852 0.8515 0 0
  853 0.8525 0 0
  854 0.8535 0 0
  855 0.8545 0 0
  856 0.8555 0 0
  857 0.8565 0 0
  858 0.8575 0 0
  859 0.8585 0 0
  860 0.8595 0 0
  861 0.8605 0 0
  862 0.8615 0 0
  863 0.8625 0 0
  864 0.8635 0 0
  865 0.8645 0 0
  866 0.8655 0 0
  867 0.8665 0 0
  868 0.8675 0 0
  869 0.8685 0 0
  870 0.8695 0 0
  871 0.8705 0 0
  872 0.8715 0 0
  873 0.8725 0 0
  874 0.8735 0 0
  875 0.8745 0 0
  876 0.8755 0 0
  877 0.8765 0 0
  878 0.8775 0 0
  879 0.8785 0 0
  880 0.8795 0 0
  881 0.8805 0 0
  882 0.8815 0 0
  883 0.8825 0 0
  884 0.8835 0 0
  885 0.8845 0 0
  886 0.8855 0 0
  887 0.8865 0 0
  888 0.8875 0 0
  889 0.8885 0 0
  890 0.8895 0 0
  891 0.8905 0 0
  892 0.8915 0 0
  893 0.8925 0 0
  894 0.8935 0 0
  895 0.8945 0 0
  896 0.8955 0 0
  897 0.8965 0 0
  898 0.8975 0 0
  899 0.8985 0 0
  900 0.8995 0 0
  901 0.9005 0 0
  902 0.9015 0 0
  903 0.9025 0 0
  904 0.9035 0 0
  905 0.9045 0 0
  906 0.9055 0 0
  907 0.9065 0 0
  908 0.9075 0 0
  909 0.9085 0 0
  910 0.9095 0 0
  911 0.9105 0 0
  912 0.9115 0 0
  913 0.9125 0 0
  914 0.9135 0 0
  915 0.9145 0 0
  916 0.9155 0 0
  917 0.9165 0 0
  918 0.9175 0 0
  919 0.9185 0 0
  920 0.9195 0 0
  921 0.9205 0 0
  922 0.9215 0 0
  923 0.9225 0 0
  924 0.9235 0 0
  925 0.9245 0 0
  926 0.9255 0 0
  927 0.9265 0 0
  928 0.9275 0 0
  929 0.9285 0 0
  930 0.9295 0 0
  931 0.9305 0 0
  932 0.9315 0 0
  933 0.9325 0 0
  934 0.9335 0 0
  935 0.9345 0 0
  936 0.9355 0 0
  937 0.9365 0 0
  938 0.9375 0 0
  939 0.9385 0 0
  940 0.9395 0 0
  941 0.9405 0 0
  942 0.9415 0 0
  943 0.9425 0 0
  944 0.9435 0 0
  945 0.9445 0 0
  946 0.9455 0 0
  947 0.9465 0 0
  948 0.9475 0 0
  949 0.9485 0 0
  950 0.9495 0 0
  951 0.9505 0 0
  952 0.9515 0 0
  953 0.9525 0 0
  954 0.9535 0 0
  955 0.9545 0 0
  956 0.9555 0 0
  957 0.9565 0 0
  958 0.9575 0 0
  959 0.9585 0 0
  960 0.9595 0 0
  961 0.9605 0 0
  962 0.9615 0 0
  963 0.9625 0 0
  964 0.9635 0 0
  965 0.9645 0 0
  966 0.9655 0 0
  967 0.9665 0 0
  968 0.9675 0 0
  969 0.9685 0 0
  970 0.9695 0 0
  971 0.9705 0 0
  972 0.9715 0 0
  973 0.9725 0 0
  974 0.9735 0 0
  975 0.9745 0 0
  976 0.9755 0 0
  977 0.9765 0 0
  978 0.9775 0 0
  979 0.9785 0 0
  980 0.9795 0 0
  981 0.9805 0 0
  982 0.9815 0 0
  983 0.9825 0 0
  984 0.9835 0 0
  985 0.9845 0 0
  986 0.9855 0 0
  987 0.9865 0 0
  988 0.9875 0 0
  989 0.9885 0 0
  990 0.9895 0 0
  991 0.9905 0 0
  992 0.9915 0 0
  993 0.9925 0 0
  994 0.9935 0 0
  995 0.9945 0 0
  996 0.9955 0 0
  997 0.9965 0 0
  998 0.9975 0 0
  999 0.9985 0 0
  1000 0.9995 0 0
490000 1000 14400
  1 0.0005 0 0
  2 0.0015 0 0
  3 0.0025 0 0
  4 0.0035 0 0
  5 0.0045 0 0
  6 0.0055 0 0
  7 0.0065 0 0
  8 0.0075 0 0
  9 0.0085 0 0
  10 0.0095 0 0
  11 0.0105 0 0
  12 0.0115 0 0
  13 0.0125 0 0
  14 0.0135 0 0
  15 0.0145 0 0
  16 0.0155 0 0
  17 0.0165 0 0
  18 0.0175 0 0
  19 0.0185 0 0
  20 0.0195 0 0
  21 0.0205 0 0
  22 0.0215 0 0
  23 0.0225 0 0
  24 0.0235 0 0
  25 0.0245 0 0
  26 0.0255 0 0
  27 0.0265 0 0
  28 0.0275 0 0
  29 0.0285 0 0
  30 0.0295 0 0
  31 0.0305 0 0
  32 0.0315 0 0
  33 0.0325 0 0
  34 0.0335 0 0
  35 0.0345 0 0
  36 0.0355 0 0
  37 0.0365 0 0
  38 0.0375 0 0
  39 0.0385 0 0
  40 0.0395 0 0
  41 0.0405 0 0
  42 0.0415 0 0
  43 0.0425 0 0
  44 0.0435 0 0
  45 0.0445 0 0
  46 0.0455 0 0
  47 0.0465 0 0
  48 0.0475 0 0
  49 0.0485 0 0
  50 0.0495 0 0
  51 0.0505 0 0
  52 0.0515 0 0
  53 0.0525 0 0
  54 0.0535 0 0
  55 0.0545 0 0
  56 0.0555 0 0
  57 0.0565 0 0
  58 0.0575 0 0
  59 0.0585 0 0
  60 0.0595 0 0
  61 0.0605 0 0
  62 0.0615 0 0
  63 0.0625 0 0
  64 0.0635 0 0
  65 0.0645 0 0
  66 0.0655 0 0
  67 0.0665 0 0
  68 0.0675 0 0
  69 0.0685 0 0
  70 0.0695 0 0
  71 0.0705 0.00285714 1.33517e-05
  72 0.0715 0.00857143 4.00551e-05
  73 0.0725 0.0414286 0.000193599
  74 0.0735 0.112857 0.000527392
  75 0.0745 0.362857 0.00169566
  76 0.0755 0.928571 0.0043393
  77 0.0765 2.14429 0.0100204
  78 0.0775 4.58429 0.0214228
  79 0.0785 9.13571 0.042692
  80 0.0795 16.1671 0.0755505
  81 0.0805 25.1457 0.117508
  82 0.0815 37.04 0.173091
  83 0.0825 47.74 0.223093
  84 0.0835 56.8914 0.265859
  85 0.0845 61.1486 0.285753
  86 0.0855 58.65 0.274077
  87 0.0865 50.9071 0.237894
  88 0.0875 39.8686 0.186309
  89 0.0885 28.6343 0.133811
  90 0.0895 18.57 0.0867793
  91 0.0905 11.5314 0.0538874
  92 0.0915 7.31286 0.0341736
  93 0.0925 6.58857 0.030789
  94 0.0935 9.50714 0.0444277
  95 0.0945 16.9314 0.0791221
  96 0.0955 32.2186 0.15056
  97 0.0965 56.2571 0.262895
  98 0.0975 88.4729 0.413442
  99 0.0985 127.054 0.593736
  100 0.0995 166.02 0.775826
  101 0.1005 201.85 0.943263
  102 0.1015 226.371 1.05785
  103 0.1025 240.139 1.12219
  104 0.1035 245.899 1.14911
  105 0.1045 247.34 1.15584
  106 0.1055 248.256 1.16012
  107 0.1065 249.429 1.1656
  108 0.1075 248.244 1.16007
  109 0.1085 245.676 1.14806
  110 0.1095 242.81 1.13467
  111 0.1105 236.511 1.10524
  112 0.1115 229.549 1.0727
  113 0.1125 223.957 1.04657
  114 0.1135 214.58 1.00275
  115 0.1145 205.696 0.961235
  116 0.1155 194.983 0.911172
  117 0.1165 186.493 0.871498
  118 0.1175 175.771 0.821396
  119 0.1185 166.964 0.780239
  120 0.1195 158.404 0.740237
  121 0.1205 154 0.719656
  122 0.1215 147.037 0.687118
  123 0.1225 142.59 0.666336
  124 0.1235 139.503 0.651909
  125 0.1245 137.35 0.641849
  126 0.1255 134.873 0.630273
  127 0.1265 132.663 0.619945
  128 0.1275 131.53 0.614652
  129 0.1285 129.646 0.605846
  130 0.1295 129.433 0.604851
  131 0.1305 127.249 0.594644
  132 0.1315 127.856 0.597481
  133 0.1325 127.107 0.593983
  134 0.1335 126.896 0.592995
  135 0.1345 127.816 0.597294
  136 0.1355 129.559 0.605439
  137 0.1365 129.896 0.607014
  138 0.1375 131.516 0.614585
  139 0.1385 133.201 0.622462
  140 0.1395 135.029 0.631001
  141 0.1405 136.64 0.638531
  142 0.1415 138.229 0.645955
  143 0.1425 138.174 0.645701
  144 0.1435 138.597 0.647677
  145 0.1445 138.059 0.64516
  146 0.1455 138.121 0.645454
  147 0.1465 137.047 0.640434
  148 0.1475 136.684 0.638738
  149 0.1485 134.036 0.626361
  150 0.1495 132.873 0.620927
  151 0.1505 131.36 0.613857
  152 0.1515 128.921 0.602461
  153 0.1525 127.364 0.595185
  154 0.1535 125.49 0.586426
  155 0.1545 123.457 0.576926
  156 0.1555 120.906 0.565003
  157 0.1565 117.82 0.550583
  158 0.1575 115.733 0.54083
  159 0.1585 112.737 0.526831
  160 0.1595 110.411 0.515963
  161 0.1605 107.477 0.50225
  162 0.1615 104.556 0.488598
  163 0.1625 101.714 0.47532
  164 0.1635 99.0814 0.463016
  165 0.1645 96.7929 0.452322
  166 0.1655 95.6871 0.447155
  167 0.1665 93.2743 0.435879
  168 0.1675 91.0314 0.425398
  169 0.1685 89.2343 0.417
  170 0.1695 87.6157 0.409436
  171 0.1705 86.0543 0.402139
  172 0.1715 85.2386 0.398328
  173 0.1725 82.9586 0.387673
  174 0.1735 81.3914 0.380349
  175 0.1745 79.7471 0.372666
  176 0.1755 78.6929 0.367739
  177 0.1765 77.3114 0.361283
  178 0.1775 76.2843 0.356483
  179 0.1785 75.2586 0.35169
  180 0.1795 73.5129 0.343532
  181 0.1805 72.9543 0.340922
  182 0.1815 71.6571 0.33486
  183 0.1825 70.6357 0.330087
  184 0.1835 69.5714 0.325114
  185 0.1845 67.86 0.317116
  186 0.1855 66.5257 0.310881
  187 0.1865 65.4843 0.306014
  188 0.1875 63.4929 0.296708
  189 0.1885 62.2957 0.291113
  190 0.1895 60.7071 0.28369
  191 0.1905 58.5971 0.27383
  192 0.1915 56.9457 0.266112
  193 0.1925 54.5714 0.255017
  194 0.1935 52.89 0.24716
  195 0.1945 50.3357 0.235223
  196 0.1955 48.5757 0.226999
  197 0.1965 46.0286 0.215096
  198 0.1975 43.97 0.205476
  199 0.1985 41.3729 0.193339
  200 0.1995 38.97 0.18211
  201 0.2005 36.48 0.170474
  202 0.2015 34.8257 0.162744
  203 0.2025 32.2986 0.150934
  204 0.2035 30.17 0.140987
  205 0.2045 28.6143 0.133717
  206 0.2055 26.77 0.125099
  207 0.2065 25.5729 0.119504
  208 0.2075 24.1929 0.113055
  209 0.2085 22.7786 0.106446
  210 0.2095 22.0614 0.103095
  211 0.2105 21.1457 0.0988158
  212 0.2115 20.6557 0.096526
  213 0.2125 19.94 0.0931814
  214 0.2135 19.9457 0.0932081
  215 0.2145 19.5543 0.0913789
  216 0.2155 19.49 0.0910785
  217 0.2165 19.2571 0.0899904
  218 0.2175 19.5914 0.0915525
  219 0.2185 19.2386 0.0899036
  220 0.2195 19.6629 0.0918863
  221 0.2205 19.7314 0.0922067
  222 0.2215 19.7743 0.092407
  223 0.2225 20.2043 0.0944164
  224 0.2235 20.2629 0.0946902
  225 0.2245 20.0243 0.0935753
  226 0.2255 20.8686 0.0975207
  227 0.2265 20.8157 0.0972737
  228 0.2275 21.11 0.0986489
  229 0.2285 21.3343 0.099697
  230 0.2295 21 0.0981349
  231 0.2305 21.0786 0.0985021
  232 0.2315 21.2171 0.0991496
  233 0.2325 20.6314 0.0964125
  234 0.2335 19.65 0.0918262
  235 0.2345 18.4686 0.0863053
  236 0.2355 16.3443 0.0763783
  237 0.2365 13.24 0.0618717
  238 0.2375 10.35 0.0483665
  239 0.2385 7.81857 0.0365369
  240 0.2395 5.01571 0.0234389
  241 0.2405 2.97143 0.0138858
  242 0.2415 1.58714 0.00741686
  243 0.2425 0.881429 0.004119
  244 0.2435 0.427143 0.00199608
  245 0.2445 0.19 0.000887887
  246 0.2455 0.0585714 0.00027371
  247 0.2465 0.0228571 0.000106813
  248 0.2475 0.00571429 2.67034e-05
  249 0.2485 0.00571429 2.67034e-05
  250 0.2495 0.00142857 6.67584e-06
  251 0.2505 0 0
  252 0.2515 0 0
  253 0.2525 0 0
  254 0.2535 0 0
  255 0.2545 0 0
  256 0.2555 0 0
  257 0.2565 0 0
  258 0.2575 0 0
  259 0.2585 0 0
  260 0.2595 0 0
  261 0.2605 0 0
  262 0.2615 0 0
  263 0.2625 0 0
  264 0.2635 0 0
  265 0.2645 0 0
  266 0.2655 0 0
  267 0.2665 0 0
  268 0.2675 0 0
  269 0.2685 0 0
  270 0.2695 0 0
  271 0.2705 0 0
  272 0.2715 0 0
  273 0.2725 0 0
  274 0.2735 0 0
  275 0.2745 0 0
  276 0.2755 0 0
  277 0.2765 0 0
  278 0.2775 0 0
  279 0.2785 0 0
  280 0.2795 0 0
  281 0.2805 0 0
  282 0.2815 0 0
  283 0.2825 0 0
  284 0.2835 0 0
  285 0.2845 0 0
  286 0.2855 0 0
  287 0.2865 0 0
  288 0.2875 0 0
  289 0.2885 0 0
  290 0.2895 0 0
  291 0.2905 0 0
  292 0.2915 0 0
  293 0.2925 0 0
  294 0.2935 0 0
  295 0.2945 0 0
  296 0.2955 0 0
  297 0.2965 0 0
  298 0.2975 0 0
  299 0.2985 0 0
  300 0.2995 0 0
  301 0.3005 0 0
  302 0.3015 0 0
  303 0.3025 0 0
  304 0.3035 0 0
  305 0.3045 0 0
  306 0.3055 0 0
  307 0.3065 0 0
  308 0.3075 0 0
  309 0.3085 0 0
  310 0.3095 0 0
  311 0.3105 0 0
  312 0.3115 0 0
  313 0.3125 0 0
  314 0.3135 0 0
  315 0.3145 0 0
  316 0.3155 0 0
  317 0.3165 0 0
  318 0.3175 0 0
  319 0.3185 0 0
  320 0.3195 0 0
  321 0.3205 0 0
  322 0.3215 0 0
  323 0.3225 0 0
  324 0.3235 0 0
  325 0.3245 0 0
  326 0.3255 0 0
  327 0.3265 0 0
  328 0.3275 0 0
  329 0.3285 0 0
  330 0.3295 0 0
  331 0.3305 0 0
  332 0.3315 0 0
  333 0.3325 0 0
  334 0.3335 0 0
  335 0.3345 0 0
  336 0.3355 0 0
  337 0.3365 0 0
  338 0.3375 0 0
  339 0.3385 0 0
  340 0.3395 0 0
  341 0.3405 0 0
  342 0.3415 0 0
  343 0.3425 0 0
  344 0.3435 0 0
  345 0.3445 0 0
  346 0.3455 0 0
  347 0.3465 0 0
  348 0.3475 0 0
  349 0.3485 0 0
  350 0.3495 0 0
  351 0.3505 0 0
  352 0.3515 0 0
  353 0.3525 0 0
  354 0.3535 0 0
  355 0.3545 0 0
  356 0.3555 0 0
  357 0.3565 0 0
  358 0.3575 0 0
  359 0.3585 0 0
  360 0.3595 0 0
  361 0.3605 0 0
  362 0.3615 0 0
  363 0.3625 0 0
  364 0.3635 0 0
  365 0.3645 0 0
  366 0.3655 0 0
  367 0.3665 0 0
  368 0.3675 0 0
  369 0.3685 0 0
  370 0.3695 0 0
  371 0.3705 0 0
  372 0.3715 0 0
  373 0.3725 0 0
  374 0.3735 0 0
  375 0.3745 0 0
  376 0.3755 0 0
  377 0.3765 0 0
  378 0.3775 0 0
  379 0.3785 0 0
  380 0.3795 0 0
  381 0.3805 0 0
  382 0.3815 0 0
  383 0.3825 0 0
  384 0.3835 0 0
  385 0.3845 0 0
  386 0.3855 0 0
  387 0.3865 0 0
  388 0.3875 0 0
  389 0.3885 0 0
  390 0.3895 0 0
  391 0.3905 0 0
  392 0.3915 0 0
  393 0.3925 0 0
  394 0.3935 0 0
  395 0.3945 0 0
  396 0.3955 0 0
  397 0.3965 0 0
  398 0.3975 0 0
  399 0.3985 0 0
  400 0.3995 0 0
  401 0.4005 0 0
  402 0.4015 0 0
  403 0.4025 0 0
  404 0.4035 0 0
  405 0.4045 0 0
  406 0.4055 0 0
  407 0.4065 0 0
  408 0.4075 0 0
  409 0.4085 0 0
  410 0.4095 0 0
  411 0.4105 0 0
  412 0.4115 0 0
  413 0.4125 0 0
  414 0.4135 0 0
  415 0.4145 0 0
  416 0.4155 0 0
  417 0.4165 0 0
  418 0.4175 0 0
  419 0.4185 0 0
  420 0.4195 0 0
  421 0.4205 0 0
  422 0.4215 0 0
  423 0.4225 0 0
  424 0.4235 0 0
  425 0.4245 0 0
  426 0.4255 0 0
  427 0.4265 0 0
  428 0.4275 0 0
  429 0.4285 0 0
  430 0.4295 0 0
  431 0.4305 0 0
  432 0.4315 0 0
  433 0.4325 0 0
  434 0.4335 0 0
  435 0.4345 0 0
  436 0.4355 0 0
  437 0.4365 0 0
  438 0.4375 0 0
  439 0.4385 0 0
  440 0.4395 0 0
  441 0.4405 0 0
  442 0.4415 0 0
  443 0.4425 0 0
  444 0.4435 0 0
  445 0.4445 0 0
  446 0.4455 0 0
  447 0.4465 0 0
  448 0.4475 0 0
  449 0.4485 0 0
  450 0.4495 0 0
  451 0.4505 0 0
  452 0.4515 0 0
  453 0.4525 0 0
  454 0.4535 0 0
  455 0.4545 0 0
  456 0.4555 0 0
  457 0.4565 0 0
  458 0.4575 0 0
  459 0.4585 0 0
  460 0.4595 0 0
  461 0.4605 0 0
  462 0.4615 0 0
  463 0.4625 0 0
  464 0.4635 0 0
  465 0.4645 0 0
  466 0.4655 0 0
  467 0.4665 0 0
  468 0.4675 0 0
  469 0.4685 0 0
  470 0.4695 0 0
  471 0.4705 0 0
  472 0.4715 0 0
  473 0.4725 0 0
  474 0.4735 0 0
  475 0.4745 0 0
  476 0.4755 0 0
  477 0.4765 0 0
  478 0.4775 0 0
  479 0.4785 0 0
  480 0.4795 0 0
  481 0.4805 0 0
  482 0.4815 0 0
  483 0.4825 0 0
  484 0.4835 0 0
  485 0.4845 0 0
  486 0.4855 0 0
  487 0.4865 0 0
  488 0.4875 0 0
  489 0.4885 0 0
  490 0.4895 0 0
  491 0.4905 0 0
  492 0.4915 0 0
  493 0.4925 0 0
  494 0.4935 0 0
  495 0.4945 0 0
  496 0.4955 0 0
  497 0.4965 0 0
  498 0.4975 0 0
  499 0.4985 0 0
  500 0.4995 0 0
  501 0.5005 0 0
  502 0.5015 0 0
  503 0.5025 0 0
  504 0.5035 0 0
  505 0.5045 0 0
  506 0.5055 0 0
  507 0.5065 0 0
  508 0.5075 0 0
  509 0.5085 0 0
  510 0.5095 0 0
  511 0.5105 0 0
  512 0.5115 0 0
  513 0.5125 0 0
  514 0.5135 0 0
  515 0.5145 0 0
  516 0.5155 0 0
  517 0.5165 0 0
  518 0.5175 0 0
  519 0.5185 0 0
  520 0.5195 0 0
  521 0.5205 0 0
  522 0.5215 0 0
  523 0.5225 0 0
  524 0.5235 0 0
  525 0.5245 0 0
  526 0.5255 0 0
  527 0.5265 0 0
  528 0.5275 0 0
  529 0.5285 0 0
  530 0.5295 0 0
  531 0.5305 0 0
  532 0.5315 0 0
  533 0.5325 0 0
  534 0.5335 0 0
  535 0.5345 0 0
  536 0.5355 0 0
  537 0.5365 0 0
  538 0.5375 0 0
  539 0.5385 0 0
  540 0.5395 0 0
  541 0.5405 0 0
  542 0.5415 0 0
  543 0.5425 0 0
  544 0.5435 0 0
  545 0.5445 0 0
  546 0.5455 0 0
  547 0.5465 0 0
  548 0.5475 0 0
  549 0.5485 0 0
  550 0.5495 0 0
  551 0.5505 0 0
  552 0.5515 0 0
  553 0.5525 0 0
  554 0.5535 0 0
  555 0.5545 0 0
  556 0.5555 0 0
  557 0.5565 0 0
  558 0.5575 0 0
  559 0.5585 0 0
  560 0.5595 0 0
  561 0.5605 0 0
  562 0.5615 0 0
  563 0.5625 0 0
  564 0.5635 0 0
  565 0.5645 0 0
  566 0.5655 0 0
  567 0.5665 0 0
  568 0.5675 0 0
  569 0.5685 0 0
  570 0.5695 0 0
  571 0.5705 0 0
  572 0.5715 0 0
  573 0.5725 0 0
  574 0.5735 0 0
  575 0.5745 0 0
  576 0.5755 0 0
  577 0.5765 0 0
  578 0.5775 0 0
  579 0.5785 0 0
  580 0.5795 0 0
  581 0.5805 0 0
  582 0.5815 0 0
  583 0.5825 0 0
  584 0.5835 0 0
  585 0.5845 0 0
  586 0.5855 0 0
  587 0.5865 0 0
  588 0.5875 0 0
  589 0.5885 0 0
  590 0.5895 0 0
  591 0.5905 0 0
  592 0.5915 0 0
  593 0.5925 0 0
  594 0.5935 0 0
  595 0.5945 0 0
  596 0.5955 0 0
  597 0.5965 0 0
  598 0.5975 0 0
  599 0.5985 0 0
  600 0.5995 0 0
  601 0.6005 0 0
  602 0.6015 0 0
  603 0.6025 0 0
  604 0.6035 0 0
  605 0.6045 0 0
  606 0.6055 0 0
  607 0.6065 0 0
  608 0.6075 0 0
  609 0.6085 0 0
  610 0.6095 0 0
  611 0.6105 0 0
  612 0.6115 0 0
  613 0.6125 0 0
  614 0.6135 0 0
  615 0.6145 0 0
  616 0.6155 0 0
  617 0.6165 0 0
  618 0.6175 0 0
  619 0.6185 0 0
  620 0.6195 0 0
  621 0.6205 0 0
  622 0.6215 0 0
  623 0.6225 0 0
  624 0.6235 0 0
  625 0.6245 0 0
  626 0.6255 0 0
  627 0.6265 0 0
  628 0.6275 0 0
  629 0.6285 0 0
  630 0.6295 0 0
  631 0.6305 0 0
  632 0.6315 0 0
  633 0.6325 0 0
  634 0.6335 0 0
  635 0.6345 0 0
  636 0.6355 0 0
  637 0.6365 0 0
  638 0.6375 0 0
  639 0.6385 0 0
  640 0.6395 0 0
  641 0.6405 0 0
  642 0.6415 0 0
  643 0.6425 0 0
  644 0.6435 0 0
  645 0.6445 0 0
  646 0.6455 0 0
  647 0.6465 0 0
  648 0.6475 0 0
  649 0.6485 0 0
  650 0.6495 0 0
  651 0.6505 0 0
  652 0.6515 0 0
  653 0.6525 0 0
  654 0.6535 0 0
  655 0.6545 0 0
  656 0.6555 0 0
  657 0.6565 0 0
  658 0.6575 0 0
  659 0.6585 0 0
  660 0.6595 0 0
  661 0.6605 0 0
  662 0.6615 0 0
  663 0.6625 0 0
  664 0.6635 0 0
  665 0.6645 0 0
  666 0.6655 0 0
  667 0.6665 0 0
  668 0.6675 0 0
  669 0.6685 0 0
  670 0.6695 0 0
  671 0.6705 0 0
  672 0.6715 0 0
  673 0.6725 0 0
  674 0.6735 0 0
  675 0.6745 0 0
  676 0.6755 0 0
  677 0.6765 0 0
  678 0.6775 0 0
  679 0.6785 0 0
  680 0.6795 0 0
  681 0.6805 0 0
  682 0.6815 0 0
  683 0.6825 0 0
  684 0.6835 0 0
  685 0.6845 0 0
  686 0.6855 0 0
  687 0.6865 0 0
  688 0.6875 0 0
  689 0.6885 0 0
  690 0.6895 0 0
  691 0.6905 0 0
  692 0.6915 0 0
  693 0.6925 0 0
  694 0.6935 0 0
  695 0.6945 0 0
  696 0.6955 0 0
  697 0.6965 0 0
  698 0.6975 0 0
  699 0.6985 0 0
  700 0.6995 0 0
  701 0.7005 0 0
  702 0.7015 0 0
  703 0.7025 0 0
  704 0.7035 0 0
  705 0.7045 0 0
  706 0.7055 0 0
  707 0.7065 0 0
  708 0.7075 0 0
  709 0.7085 0 0
  710 0.7095 0 0
  711 0.7105 0 0
  712 0.7115 0 0
  713 0.7125 0 0
  714 0.7135 0 0
  715 0.7145 0 0
  716 0.7155 0 0
  717 0.7165 0 0
  718 0.7175 0 0
  719 0.7185 0 0
  720 0.7195 0 0
  721 0.7205 0 0
  722 0.7215 0 0
  723 0.7225 0 0
  724 0.7235 0 0
  725 0.7245 0 0
  726 0.7255 0 0
  727 0.7265 0 0
  728 0.7275 0 0
  729 0.7285 0 0
  730 0.7295 0 0
  731 0.7305 0 0
  732 0.7315 0 0
  733 0.7325 0 0
  734 0.7335 0 0
  735 0.7345 0 0
  736 0.7355 0 0
  737 0.7365 0 0
  738 0.7375 0 0
  739 0.7385 0 0
  740 0.7395 0 0
  741 0.7405 0 0
  742 0.7415 0 0
  743 0.7425 0 0
  744 0.7435 0 0
  745 0.7445 0 0
  746 0.7455 0 0
  747 0.7465 0 0
  748 0.7475 0 0
  749 0.7485 0 0
  750 0.7495 0 0
  751 0.7505 0 0
  752 0.7515 0 0
  753 0.7525 0 0
  754 0.7535 0 0
  755 0.7545 0 0
  756 0.7555 0 0
  757 0.7565 0 0
  758 0.7575 0 0
  759 0.7585 0 0
  760 0.7595 0 0
  761 0.7605 0 0
  762 0.7615 0 0
  763 0.7625 0 0
  764 0.7635 0 0
  765 0.7645 0 0
  766 0.7655 0 0
  767 0.7665 0 0
  768 0.7675 0 0
  769 0.7685 0 0
  770 0.7695 0 0
  771 0.7705 0 0
  772 0.7715 0 0
  773 0.7725 0 0
  774 0.7735 0 0
  775 0.7745 0 0
  776 0.7755 0 0
  777 0.7765 0 0
  778 0.7775 0 0
  779 0.7785 0 0
  780 0.7795 0 0
  781 0.7805 0 0
  782 0.7815 0 0
  783 0.7825 0 0
  784 0.7835 0 0
  785 0.7845 0 0
  786 0.7855 0 0
  787 0.7865 0 0
  788 0.7875 0 0
  789 0.7885 0 0
  790 0.7895 0 0
  791 0.7905 0 0
  792 0.7915 0 0
  793 0.7925 0 0
  794 0.7935 0 0
  795 0.7945 0 0
  796 0.7955 0 0
  797 0.7965 0 0
  798 0.7975 0 0
  799 0.7985 0 0
  800 0.7995 0 0
  801 0.8005 0 0
  802 0.8015 0 0
  803 0.8025 0 0
  804 0.8035 0 0
  805 0.8045 0 0
  806 0.8055 0 0
  807 0.8065 0 0
  808 0.8075 0 0
  809 0.8085 0 0
  810 0.8095 0 0
  811 0.8105 0 0
  812 0.8115 0 0
  813 0.8125 0 0
  814 0.8135 0 0
  815 0.8145 0 0
  816 0.8155 0 0
  817 0.8165 0 0
  818 0.8175 0 0
  819 0.8185 0 0
  820 0.8195 0 0
  821 0.8205 0 0
  822 0.8215 0 0
  823 0.8225 0 0
  824 0.8235 0 0
  825 0.8245 0 0
  826 0.8255 0 0
  827 0.8265 0 0
  828 0.8275 0 0
  829 0.8285 0 0
  830 0.8295 0 0
  831 0.8305 0 0
  832 0.8315 0 0
  833 0.8325 0 0
  834 0.8335 0 0
  835 0.8345 0 0
  836 0.8355 0 0
  837 0.8365 0 0
  838 0.8375 0 0
  839 0.8385 0 0
  840 0.8395 0 0
  841 0.8405 0 0
  842 0.8415 0 0
  843 0.8425 0 0
  844 0.8435 0 0
  845 0.8445 0 0
  846 0.8455 0 0
  847 0.8465 0 0
  848 0.8475 0 0
  849 0.8485 0 0
  850 0.8495 0 0
  851 0.8505 0 0
  852 0.8515 0 0
  853 0.8525 0 0
  854 0.8535 0 0
  855 0.8545 0 0
  856 0.8555 0 0
  857 0.8565 0 0
  858 0.8575 0 0
  859 0.8585 0 0
  860 0.8595 0 0
  861 0.8605 0 0
  862 0.8615 0 0
  863 0.8625 0 0
  864 0.8635 0 0
  865 0.8645 0 0
  866 0.8655 0 0
  867 0.8665 0 0
  868 0.8675 0 0
  869 0.8685 0 0
  870 0.8695 0 0
  871 0.8705 0 0
  872 0.8715 0 0
  873 0.8725 0 0
  874 0.8735 0 0
  875 0.8745 0 0
  876 0.8755 0 0
  877 0.8765 0 0
  878 0.8775 0 0
  879 0.8785 0 0
  880 0.8795 0 0
  881 0.8805 0 0
  882 0.8815 0 0
  883 0.8825 0 0
  884 0.8835 0 0
  885 0.8845 0 0
  886 0.8855 0 0
  887 0.8865 0 0
  888 0.8875 0 0
  889 0.8885 0 0
  890 0.8895 0 0
  891 0.8905 0 0
  892 0.8915 0 0
  893 0.8925 0 0
  894 0.8935 0 0
  895 0.8945 0 0
  896 0.8955 0 0
  897 0.8965 0 0
  898 0.8975 0 0
  899 0.8985 0 0
  900 0.8995 0 0
  901 0.9005 0 0
  902 0.9015 0 0
  903 0.9025 0 0
  904 0.9035 0 0
  905 0.9045 0 0
  906 0.9055 0 0
  907 0.9065 0 0
  908 0.9075 0 0
  909 0.9085 0 0
  910 0.9095 0 0
  911 0.9105 0 0
  912 0.9115 0 0
  913 0.9125 0 0
  914 0.9135 0 0
  915 0.9145 0 0
  916 0.9155 0 0
  917 0.9165 0 0
  918 0.9175 0 0
  919 0.9185 0 0
  920 0.9195 0 0
  921 0.9205 0 0
  922 0.9215 0 0
  923 0.9225 0 0
  924 0.9235 0 0
  925 0.9245 0 0
  926 0.9255 0 0
  927 0.9265 0 0
  928 0.9275 0 0
  929 0.9285 0 0
  930 0.9295 0 0
  931 0.9305 0 0
  932 0.9315 0 0
  933 0.9325 0 0
  934 0.9335 0 0
  935 0.9345 0 0
  936 0.9355 0 0
  937 0.9365 0 0
  938 0.9375 0 0
  939 0.9385 0 0
  940 0.9395 0 0
  941 0.9405 0 0
  942 0.9415 0 0
  943 0.9425 0 0
  944 0.9435 0 0
  945 0.9445 0 0
  946 0.9455 0 0
  947 0.9465 0 0
  948 0.9475 0 0
  949 0.9485 0 0
  950 0.9495 0 0
  951 0.9505 0 0
  952 0.9515 0 0
  953 0.9525 0 0
  954 0.9535 0 0
  955 0.9545 0 0
  956 0.9555 0 0
  957 0.9565 0 0
  958 0.9575 0 0
  959 0.9585 0 0
  960 0.9595 0 0
  961 0.9605 0 0
  962 0.9615 0 0
  963 0.9625 0 0
  964 0.9635 0 0
  965 0.9645 0 0
  966 0.9655 0 0
  967 0.9665 0 0
  968 0.9675 0 0
  969 0.9685 0 0
  970 0.9695 0 0
  971 0.9705 0 0
  972 0.9715 0 0
  973 0.9725 0 0
  974 0.9735 0 0
  975 0.9745 0 0
  976 0.9755 0 0
  977 0.9765 0 0
  978 0.9775 0 0
  979 0.9785 0 0
  980 0.9795 0 0
  981 0.9805 0 0
  982 0.9815 0 0
  983 0.9825 0 0
  984 0.9835 0 0
  985 0.9845 0 0
  986 0.9855 0 0
  987 0.9865 0 0
  988 0.9875 0 0
  989 0.9885 0 0
  990 0.9895 0 0
  991 0.9905 0 0
  992 0.9915 0 0
  993 0.9925 0 0
  994 0.9935 0 0
  995 0.9945 0 0
  996 0.9955 0 0
  997 0.9965 0 0
  998 0.9975 0 0
  999 0.9985 0 0
  1000 0.9995 0 0
560000 1000 14400
  1 0.0005 0 0
  2 0.0015 0 0
  3 0.0025 0 0
  4 0.0035 0 0
  5 0.0045 0 0
  6 0.0055 0 0
  7 0.0065 0 0
  8 0.0075 0 0
  9 0.0085 0 0
  10 0.0095 0 0
  11 0.0105 0 0
  12 0.0115 0 0
  13 0.0125 0 0
  14 0.0135 0 0
  15 0.0145 0 0
  16 0.0155 0 0
  17 0.0165 0 0
  18 0.0175 0 0
  19 0.0185 0 0
  20 0.0195 0 0
  21 0.0205 0 0
  22 0.0215 0 0
  23 0.0225 0 0
  24 0.0235 0 0
  25 0.0245 0 0
  26 0.0255 0 0
  27 0.0265 0 0
  28 0.0275 0 0
  29 0.0285 0 0
  30 0.0295 0 0
  31 0.0305 0 0
  32 0.0315 0 0
  33 0.0325 0 0
  34 0.0335 0 0
  35 0.0345 0 0
  36 0.0355 0 0
  37 0.0365 0 0
  38 0.0375 0 0
  39 0.0385 0 0
  40 0.0395 0 0
  41 0.0405 0 0
  42 0.0415 0 0
  43 0.0425 0 0
  44 0.0435 0 0
  45 0.0445 0 0
  46 0.0455 0 0
  47 0.0465 0 0
  48 0.0475 0 0
  49 0.0485 0 0
  50 0.0495 0 0
  51 0.0505 0 0
  52 0.0515 0 0
  53 0.0525 0 0
  54 0.0535 0 0
  55 0.0545 0 0
  56 0.0555 0 0
  57 0.0565 0 0
  58 0.0575 0 0
  59 0.0585 0 0
  60 0.0595 0 0
  61 0.0605 0 0
  62 0.0615 0 0
  63 0.0625 0 0
  64 0.0635 0 0
  65 0.0645 0 0
  66 0.0655 0 0
  67 0.0665 0 0
  68 0.0675 0 0
  69 0.0685 0 0
  70 0.0695 0 0
  71 0.0705 0 0
  72 0.0715 0.00571429 2.67034e-05
  73 0.0725 0.0385714 0.000180248
  74 0.0735 0.127143 0.00059415
  75 0.0745 0.378571 0.0017691
  76 0.0755 0.865714 0.00404556
  77 0.0765 2.16429 0.0101139
  78 0.0775 4.69571 0.0219435
  79 0.0785 9.06857 0.0423783
  80 0.0795 15.7514 0.0736078
  81 0.0805 25.1914 0.117722
  82 0.0815 36.6114 0.171088
  83 0.0825 47.7043 0.222926
  84 0.0835 56.44 0.263749
  85 0.0845 60.8414 0.284317
  86 0.0855 59.0143 0.275779
  87 0.0865 51.2329 0.239416
  88 0.0875 40.32 0.188419
  89 0.0885 28.2914 0.132208
  90 0.0895 19.0357 0.0889556
  91 0.0905 11.6171 0.054288
  92 0.0915 7.43571 0.0347478
  93 0.0925 6.51571 0.0304485
  94 0.0935 9.12286 0.0426319
  95 0.0945 16.8743 0.0788551
  96 0.0955 31.7343 0.148297
  97 0.0965 55.9457 0.261439
  98 0.0975 87.3657 0.408268
  99 0.0985 125.097 0.58459
  100 0.0995 164.923 0.770699
  101 0.1005 198.55 0.927842
  102 0.1015 222.613 1.04029
  103 0.1025 235.753 1.10169
  104 0.1035 241.093 1.12665
  105 0.1045 240.999 1.12621
  106 0.1055 241.216 1.12722
  107 0.1065 241.593 1.12899
  108 0.1075 240.467 1.12372
  109 0.1085 237.669 1.11065
  110 0.1095 233.899 1.09303
  111 0.1105 229.314 1.07161
  112 0.1115 221.753 1.03627
  113 0.1125 214.633 1.003
  114 0.1135 206.32 0.964152
  115 0.1145 196.466 0.918102
  116 0.1155 187.373 0.87561
  117 0.1165 177.79 0.830829
  118 0.1175 167.413 0.782335
  119 0.1185 158.589 0.741099
  120 0.1195 151.236 0.706738
  121 0.1205 145.607 0.680435
  122 0.1215 140.291 0.655594
  123 0.1225 135.517 0.633284
  124 0.1235 132.507 0.619218
  125 0.1245 129.711 0.606153
  126 0.1255 127.831 0.597368
  127 0.1265 126.131 0.589424
  128 0.1275 125.241 0.585264
  129 0.1285 123.744 0.578268
  130 0.1295 122.491 0.572413
  131 0.1305 122.264 0.571352
  132 0.1315 121.65 0.568481
  133 0.1325 120.917 0.565057
  134 0.1335 121.601 0.568254
  135 0.1345 121.737 0.568889
  136 0.1355 123.049 0.575017
  137 0.1365 124.576 0.582154
  138 0.1375 126.656 0.591874
  139 0.1385 127.247 0.594637
  140 0.1395 129.633 0.605786
  141 0.1405 130.373 0.609244
  142 0.1415 131.674 0.615326
  143 0.1425 132.77 0.620446
  144 0.1435 132.467 0.619031
  145 0.1445 132.166 0.617622
  146 0.1455 131.416 0.614117
  147 0.1465 130.67 0.610633
  148 0.1475 129.449 0.604925
  149 0.1485 128.706 0.601453
  150 0.1495 126.839 0.592728
  151 0.1505 126.12 0.58937
  152 0.1515 123.851 0.578769
  153 0.1525 121.974 0.569997
  154 0.1535 119.416 0.55804
  155 0.1545 116.887 0.546224
  156 0.1555 115.489 0.539688
  157 0.1565 111.924 0.523032
  158 0.1575 110.186 0.514908
  159 0.1585 107.476 0.502244
  160 0.1595 104.974 0.490554
  161 0.1605 102.314 0.478124
  162 0.1615 100.511 0.469699
  163 0.1625 98.4657 0.460139
  164 0.1635 96.82 0.452449
  165 0.1645 94.3886 0.441086
  166 0.1655 92.14 0.430579
  167 0.1665 90.67 0.423709
  168 0.1675 88.1786 0.412066
  169 0.1685 86.8029 0.405638
  170 0.1695 85.6757 0.40037
  171 0.1705 83.7243 0.391251
  172 0.1715 83.19 0.388754
  173 0.1725 81.4757 0.380743
  174 0.1735 80.3486 0.375476
  175 0.1745 79.8971 0.373367
  176 0.1755 78.8471 0.36846
  177 0.1765 77.3414 0.361423
  178 0.1775 77.4371 0.361871
  179 0.1785 76.4214 0.357124
  180 0.1795 75.46 0.352631
  181 0.1805 75.45 0.352585
  182 0.1815 73.4214 0.343105
  183 0.1825 73.0371 0.341309
  184 0.1835 72.6686 0.339587
  185 0.1845 71.14 0.332444
  186 0.1855 70.1671 0.327897
  187 0.1865 68.85 0.321742
  188 0.1875 68.7 0.321041
  189 0.1885 67.0843 0.313491
  190 0.1895 65.9886 0.308371
  191 0.1905 64.8014 0.302823
  192 0.1915 62.8271 0.293597
  193 0.1925 60.7443 0.283864
  194 0.1935 59.3043 0.277134
  195 0.1945 56.6 0.264497
  196 0.1955 55.0157 0.257093
  197 0.1965 52.7657 0.246579
  198 0.1975 49.8986 0.233181
  199 0.1985 48.1386 0.224956
  200 0.1995 45.7129 0.21362
  201 0.2005 43.4386 0.202992
  202 0.2015 41.1429 0.192264
  203 0.2025 39.4786 0.184487
  204 0.2035 37.0714 0.173238
  205 0.2045 35.34 0.165147
  206 0.2055 33.9143 0.158485
  207 0.2065 32.7957 0.153257
  208 0.2075 31.3529 0.146515
  209 0.2085 30.4743 0.142409
  210 0.2095 29.7943 0.139231
  211 0.2105 28.8829 0.134972
  212 0.2115 28.78 0.134492
  213 0.2125 28.0243 0.13096
  214 0.2135 27.69 0.129398
  215 0.2145 27.67 0.129304
  216 0.2155 28.0786 0.131214
  217 0.2165 27.8871 0.130319
  218 0.2175 28.28 0.132155
  219 0.2185 28.2786 0.132148
  220 0.2195 28.5871 0.13359
  221 0.2205 29.0943 0.13596
  222 0.2215 29.7014 0.138797
  223 0.2225 30.3071 0.141628
  224 0.2235 30.8914 0.144358
  225 0.2245 31.7414 0.148331
  226 0.2255 31.7086 0.148177
  227 0.2265 32.3843 0.151335
  228 0.2275 33.1343 0.154839
  229 0.2285 33.1586 0.154953
  230 0.2295 32.9471 0.153965
  231 0.2305 33.3257 0.155734
  232 0.2315 32.3114 0.150994
  233 0.2325 31.49 0.147156
  234 0.2335 29.64 0.13851
  235 0.2345 26.4257 0.12349
  236 0.2355 22.4929 0.105111
  237 0.2365 17.2914 0.0808044
  238 0.2375 12.2886 0.0574256
  239 0.2385 7.91429 0.0369842
  240 0.2395 5.05286 0.0236125
  241 0.2405 2.53857 0.011863
  242 0.2415 1.32714 0.00620186
  243 0.2425 0.597143 0.0027905
  244 0.2435 0.321429 0.00150206
  245 0.2445 0.0971429 0.000453957
  246 0.2455 0.0342857 0.00016022
  247 0.2465 0.0157143 7.34343e-05
  248 0.2475 0.00285714 1.33517e-05
  249 0.2485 0 0
  250 0.2495 0.00142857 6.67584e-06
  251 0.2505 0 0
  252 0.2515 0 0
  253 0.2525 0 0
  254 0.2535 0 0
  255 0.2545 0 0
  256 0.2555 0 0
  257 0.2565 0 0
  258 0.2575 0 0
  259 0.2585 0 0
  260 0.2595 0 0
  261 0.2605 0 0
  262 0.2615 0 0
  263 0.2625 0 0
  264 0.2635 0 0
  265 0.2645 0 0
  266 0.2655 0 0
  267 0.2665 0 0
  268 0.2675 0 0
  269 0.2685 0 0
  270 0.2695 0 0
  271 0.2705 0 0
  272 0.2715 0 0
  273 0.2725 0 0
  274 0.2735 0 0
  275 0.2745 0 0
  276 0.2755 0 0
  277 0.2765 0 0
  278 0.2775 0 0
  279 0.2785 0 0
  280 0.2795 0 0
  281 0.2805 0 0
  282 0.2815 0 0
  283 0.2825 0 0
  284 0.2835 0 0
  285 0.2845 0 0
  286 0.2855 0 0
  287 0.2865 0 0
  288 0.2875 0 0
  289 0.2885 0 0
  290 0.2895 0 0
  291 0.2905 0 0
  292 0.2915 0 0
  293 0.2925 0 0
  294 0.2935 0 0
  295 0.2945 0 0
  296 0.2955 0 0
  297 0.2965 0 0
  298 0.2975 0 0
  299 0.2985 0 0
  300 0.2995 0 0
  301 0.3005 0 0
  302 0.3015 0 0
  303 0.3025 0 0
  304 0.3035 0 0
  305 0.3045 0 0
  306 0.3055 0 0
  307 0.3065 0 0
  308 0.3075 0 0
  309 0.3085 0 0
  310 0.3095 0 0
  311 0.3105 0 0
  312 0.3115 0 0
  313 0.3125 0 0
  314 0.3135 0 0
  315 0.3145 0 0
  316 0.3155 0 0
  317 0.3165 0 0
  318 0.3175 0 0
  319 0.3185 0 0
  320 0.3195 0 0
  321 0.3205 0 0
  322 0.3215 0 0
  323 0.3225 0 0
  324 0.3235 0 0
  325 0.3245 0 0
  326 0.3255 0 0
  327 0.3265 0 0
  328 0.3275 0 0
  329 0.3285 0 0
  330 0.3295 0 0
  331 0.3305 0 0
  332 0.3315 0 0
  333 0.3325 0 0
  334 0.3335 0 0
  335 0.3345 0 0
  336 0.3355 0 0
  337 0.3365 0 0
  338 0.3375 0 0
  339 0.3385 0 0
  340 0.3395 0 0
  341 0.3405 0 0
  342 0.3415 0 0
  343 0.3425 0 0
  344 0.3435 0 0
  345 0.3445 0 0
  346 0.3455 0 0
  347 0.3465 0 0
  348 0.3475 0 0
  349 0.3485 0 0
  350 0.3495 0 0
  351 0.3505 0 0
  352 0.3515 0 0
  353 0.3525 0 0
  354 0.3535 0 0
  355 0.3545 0 0
  356 0.3555 0 0
  357 0.3565 0 0
  358 0.3575 0 0
  359 0.3585 0 0
  360 0.3595 0 0
  361 0.3605 0 0
  362 0.3615 0 0
  363 0.3625 0 0
  364 0.3635 0 0
  365 0.3645 0 0
  366 0.3655 0 0
  367 0.3665 0 0
  368 0.3675 0 0
  369 0.3685 0 0
  370 0.3695 0 0
  371 0.3705 0 0
  372 0.3715 0 0
  373 0.3725 0 0
  374 0.3735 0 0
  375 0.3745 0 0
  376 0.3755 0 0
  377 0.3765 0 0
  378 0.3775 0 0
  379 0.3785 0 0
  380 0.3795 0 0
  381 0.3805 0 0
  382 0.3815 0 0
  383 0.3825 0 0
  384 0.3835 0 0
  385 0.3845 0 0
  386 0.3855 0 0
  387 0.3865 0 0
  388 0.3875 0 0
  389 0.3885 0 0
  390 0.3895 0 0
  391 0.3905 0 0
  392 0.3915 0 0
  393 0.3925 0 0
  394 0.3935 0 0
  395 0.3945 0 0
  396 0.3955 0 0
  397 0.3965 0 0
  398 0.3975 0 0
  399 0.3985 0 0
  400 0.3995 0 0
  401 0.4005 0 0
  402 0.4015 0 0
  403 0.4025 0 0
  404 0.4035 0 0
  405 0.4045 0 0
  406 0.4055 0 0
  407 0.4065 0 0
  408 0.4075 0 0
  409 0.4085 0 0
  410 0.4095 0 0
  411 0.4105 0 0
  412 0.4115 0 0
  413 0.4125 0 0
  414 0.4135 0 0
  415 0.4145 0 0
  416 0.4155 0 0
  417 0.4165 0 0
  418 0.4175 0 0
  419 0.4185 0 0
  420 0.4195 0 0
  421 0.4205 0 0
  422 0.4215 0 0
  423 0.4225 0 0
  424 0.4235 0 0
  425 0.4245 0 0
  426 0.4255 0 0
  427 0.4265 0 0
  428 0.4275 0 0
  429 0.4285 0 0
  430 0.4295 0 0
  431 0.4305 0 0
  432 0.4315 0 0
  433 0.4325 0 0
  434 0.4335 0 0
  435 0.4345 0 0
  436 0.4355 0 0
  437 0.4365 0 0
  438 0.4375 0 0
  439 0.4385 0 0
  440 0.4395 0 0
  441 0.4405 0 0
  442 0.4415 0 0
  443 0.4425 0 0
  444 0.4435 0 0
  445 0.4445 0 0
  446 0.4455 0 0
  447 0.4465 0 0
  448 0.4475 0 0
  449 0.4485 0 0
  450 0.4495 0 0
  451 0.4505 0 0
  452 0.4515 0 0
  453 0.4525 0 0
  454 0.4535 0 0
  455 0.4545 0 0
  456 0.4555 0 0
  457 0.4565 0 0
  458 0.4575 0 0
  459 0.4585 0 0
  460 0.4595 0 0
  461 0.4605 0 0
  462 0.4615 0 0
  463 0.4625 0 0
  464 0.4635 0 0
  465 0.4645 0 0
  466 0.4655 0 0
  467 0.4665 0 0
  468 0.4675 0 0
  469 0.4685 0 0
  470 0.4695 0 0
  471 0.4705 0 0
  472 0.4715 0 0
  473 0.4725 0 0
  474 0.4735 0 0
  475 0.4745 0 0
  476 0.4755 0 0
  477 0.4765 0 0
  478 0.4775 0 0
  479 0.4785 0 0
  480 0.4795 0 0
  481 0.4805 0 0
  482 0.4815 0 0
  483 0.4825 0 0
  484 0.4835 0 0
  485 0.4845 0 0
  486 0.4855 0 0
  487 0.4865 0 0
  488 0.4875 0 0
  489 0.4885 0 0
  490 0.4895 0 0
  491 0.4905 0 0
  492 0.4915 0 0
  493 0.4925 0 0
  494 0.4935 0 0
  495 0.4945 0 0
  496 0.4955 0 0
  497 0.4965 0 0
  498 0.4975 0 0
  499 0.4985 0 0
  500 0.4995 0 0
  501 0.5005 0 0
  502 0.5015 0 0
  503 0.5025 0 0
  504 0.5035 0 0
  505 0.5045 0 0
  506 0.5055 0 0
  507 0.5065 0 0
  508 0.5075 0 0
  509 0.5085 0 0
  510 0.5095 0 0
  511 0.5105 0 0
  512 0.5115 0 0
  513 0.5125 0 0
  514 0.5135 0 0
  515 0.5145 0 0
  516 0.5155 0 0
  517 0.5165 0 0
  518 0.5175 0 0
  519 0.5185 0 0
  520 0.5195 0 0
  521 0.5205 0 0
  522 0.5215 0 0
  523 0.5225 0 0
  524 0.5235 0 0
  525 0.5245 0 0
  526 0.5255 0 0
  527 0.5265 0 0
  528 0.5275 0 0
  529 0.5285 0 0
  530 0.5295 0 0
  531 0.5305 0 0
  532 0.5315 0 0
  533 0.5325 0 0
  534 0.5335 0 0
  535 0.5345 0 0
  536 0.5355 0 0
  537 0.5365 0 0
  538 0.5375 0 0
  539 0.5385 0 0
  540 0.5395 0 0
  541 0.5405 0 0
  542 0.5415 0 0
  543 0.5425 0 0
  544 0.5435 0 0
  545 0.5445 0 0
  546 0.5455 0 0
  547 0.5465 0 0
  548 0.5475 0 0
  549 0.5485 0 0
  550 0.5495 0 0
  551 0.5505 0 0
  552 0.5515 0 0
  553 0.5525 0 0
  554 0.5535 0 0
  555 0.5545 0 0
  556 0.5555 0 0
  557 0.5565 0 0
  558 0.5575 0 0
  559 0.5585 0 0
  560 0.5595 0 0
  561 0.5605 0 0
  562 0.5615 0 0
  563 0.5625 0 0
  564 0.5635 0 0
  565 0.5645 0 0
  566 0.5655 0 0
  567 0.5665 0 0
  568 0.5675 0 0
  569 0.5685 0 0
  570 0.5695 0 0
  571 0.5705 0 0
  572 0.5715 0 0
  573 0.5725 0 0
  574 0.5735 0 0
  575 0.5745 0 0
  576 0.5755 0 0
  577 0.5765 0 0
  578 0.5775 0 0
  579 0.5785 0 0
  580 0.5795 0 0
  581 0.5805 0 0
  582 0.5815 0 0
  583 0.5825 0 0
  584 0.5835 0 0
  585 0.5845 0 0
  586 0.5855 0 0
  587 0.5865 0 0
  588 0.5875 0 0
  589 0.5885 0 0
  590 0.5895 0 0
  591 0.5905 0 0
  592 0.5915 0 0
  593 0.5925 0 0
  594 0.5935 0 0
  595 0.5945 0 0
  596 0.5955 0 0
  597 0.5965 0 0
  598 0.5975 0 0
  599 0.5985 0 0
  600 0.5995 0 0
  601 0.6005 0 0
  602 0.6015 0 0
  603 0.6025 0 0
  604 0.6035 0 0
  605 0.6045 0 0
  606 0.6055 0 0
  607 0.6065 0 0
  608 0.6075 0 0
  609 0.6085 0 0
  610 0.6095 0 0
  611 0.6105 0 0
  612 0.6115 0 0
  613 0.6125 0 0
  614 0.6135 0 0
  615 0.6145 0 0
  616 0.6155 0 0
  617 0.6165 0 0
  618 0.6175 0 0
  619 0.6185 0 0
  620 0.6195 0 0
  621 0.6205 0 0
  622 0.6215 0 0
  623 0.6225 0 0
  624 0.6235 0 0
  625 0.6245 0 0
  626 0.6255 0 0
  627 0.6265 0 0
  628 0.6275 0 0
  629 0.6285 0 0
  630 0.6295 0 0
  631 0.6305 0 0
  632 0.6315 0 0
  633 0.6325 0 0
  634 0.6335 0 0
  635 0.6345 0 0
  636 0.6355 0 0
  637 0.6365 0 0
  638 0.6375 0 0
  639 0.6385 0 0
  640 0.6395 0 0
  641 0.6405 0 0
  642 0.6415 0 0
  643 0.6425 0 0
  644 0.6435 0 0
  645 0.6445 0 0
  646 0.6455 0 0
  647 0.6465 0 0
  648 0.6475 0 0
  649 0.6485 0 0
  650 0.6495 0 0
  651 0.6505 0 0
  652 0.6515 0 0
  653 0.6525 0 0
  654 0.6535 0 0
  655 0.6545 0 0
  656 0.6555 0 0
  657 0.6565 0 0
  658 0.6575 0 0
  659 0.6585 0 0
  660 0.6595 0 0
  661 0.6605 0 0
  662 0.6615 0 0
  663 0.6625 0 0
  664 0.6635 0 0
  665 0.6645 0 0
  666 0.6655 0 0
  667 0.6665 0 0
  668 0.6675 0 0
  669 0.6685 0 0
  670 0.6695 0 0
  671 0.6705 0 0
  672 0.6715 0 0
  673 0.6725 0 0
  674 0.6735 0 0
  675 0.6745 0 0
  676 0.6755 0 0
  677 0.6765 0 0
  678 0.6775 0 0
  679 0.6785 0 0
  680 0.6795 0 0
  681 0.6805 0 0
  682 0.6815 0 0
  683 0.6825 0 0
  684 0.6835 0 0
  685 0.6845 0 0
  686 0.6855 0 0
  687 0.6865 0 0
  688 0.6875 0 0
  689 0.6885 0 0
  690 0.6895 0 0
  691 0.6905 0 0
  692 0.6915 0 0
  693 0.6925 0 0
  694 0.6935 0 0
  695 0.6945 0 0
  696 0.6955 0 0
  697 0.6965 0 0
  698 0.6975 0 0
  699 0.6985 0 0
  700 0.6995 0 0
  701 0.7005 0 0
  702 0.7015 0 0
  703 0.7025 0 0
  704 0.7035 0 0
  705 0.7045 0 0
  706 0.7055 0 0
  707 0.7065 0 0
  708 0.7075 0 0
  709 0.7085 0 0
  710 0.7095 0 0
  711 0.7105 0 0
  712 0.7115 0 0
  713 0.7125 0 0
  714 0.7135 0 0
  715 0.7145 0 0
  716 0.7155 0 0
  717 0.7165 0 0
  718 0.7175 0 0
  719 0.7185 0 0
  720 0.7195 0 0
  721 0.7205 0 0
  722 0.7215 0 0
  723 0.7225 0 0
  724 0.7235 0 0
  725 0.7245 0 0
  726 0.7255 0 0
  727 0.7265 0 0
  728 0.7275 0 0
  729 0.7285 0 0
  730 0.7295 0 0
  731 0.7305 0 0
  732 0.7315 0 0
  733 0.7325 0 0
  734 0.7335 0 0
  735 0.7345 0 0
  736 0.7355 0 0
  737 0.7365 0 0
  738 0.7375 0 0
  739 0.7385 0 0
  740 0.7395 0 0
  741 0.7405 0 0
  742 0.7415 0 0
  743 0.7425 0 0
  744 0.7435 0 0
  745 0.7445 0 0
  746 0.7455 0 0
  747 0.7465 0 0
  748 0.7475 0 0
  749 0.7485 0 0
  750 0.7495 0 0
  751 0.7505 0 0
  752 0.7515 0 0
  753 0.7525 0 0
  754 0.7535 0 0
  755 0.7545 0 0
  756 0.7555 0 0
  757 0.7565 0 0
  758 0.7575 0 0
  759 0.7585 0 0
  760 0.7595 0 0
  761 0.7605 0 0
  762 0.7615 0 0
  763 0.7625 0 0
  764 0.7635 0 0
  765 0.7645 0 0
  766 0.7655 0 0
  767 0.7665 0 0
  768 0.7675 0 0
  769 0.7685 0 0
  770 0.7695 0 0
  771 0.7705 0 0
  772 0.7715 0 0
  773 0.7725 0 0
  774 0.7735 0 0
  775 0.7745 0 0
  776 0.7755 0 0
  777 0.7765 0 0
  778 0.7775 0 0
  779 0.7785 0 0
  780 0.7795 0 0
  781 0.7805 0 0
  782 0.7815 0 0
  783 0.7825 0 0
  784 0.7835 0 0
  785 0.7845 0 0
  786 0.7855 0 0
  787 0.7865 0 0
  788 0.7875 0 0
  789 0.7885 0 0
  790 0.7895 0 0
  791 0.7905 0 0
  792 0.7915 0 0
  793 0.7925 0 0
  794 0.7935 0 0
  795 0.7945 0 0
  796 0.7955 0 0
  797 0.7965 0 0
  798 0.7975 0 0
  799 0.7985 0 0
  800 0.7995 0 0
  801 0.8005 0 0
  802 0.8015 0 0
  803 0.8025 0 0
  804 0.8035 0 0
  805 0.8045 0 0
  806 0.8055 0 0
  807 0.8065 0 0
  808 0.8075 0 0
  809 0.8085 0 0
  810 0.8095 0 0
  811 0.8105 0 0
  812 0.8115 0 0
  813 0.8125 0 0
  814 0.8135 0 0
  815 0.8145 0 0
  816 0.8155 0 0
  817 0.8165 0 0
  818 0.8175 0 0
  819 0.8185 0 0
  820 0.8195 0 0
  821 0.8205 0 0
  822 0.8215 0 0
  823 0.8225 0 0
  824 0.8235 0 0
  825 0.8245 0 0
  826 0.8255 0 0
  827 0.8265 0 0
  828 0.8275 0 0
  829 0.8285 0 0
  830 0.8295 0 0
  831 0.8305 0 0
  832 0.8315 0 0
  833 0.8325 0 0
  834 0.8335 0 0
  835 0.8345 0 0
  836 0.8355 0 0
  837 0.8365 0 0
  838 0.8375 0 0
  839 0.8385 0 0
  840 0.8395 0 0
  841 0.8405 0 0
  842 0.8415 0 0
  843 0.8425 0 0
  844 0.8435 0 0
  845 0.8445 0 0
  846 0.8455 0 0
  847 0.8465 0 0
  848 0.8475 0 0
  849 0.8485 0 0
  850 0.8495 0 0
  851 0.8505 0 0
  852 0.8515 0 0
  853 0.8525 0 0
  854 0.8535 0 0
  855 0.8545 0 0
  856 0.8555 0 0
  857 0.8565 0 0
  858 0.8575 0 0
  859 0.8585 0 0
  860 0.8595 0 0
  861 0.8605 0 0
  862 0.8615 0 0
  863 0.8625 0 0
  864 0.8635 0 0
  865 0.8645 0 0
  866 0.8655 0 0
  867 0.8665 0 0
  868 0.8675 0 0
  869 0.8685 0 0
  870 0.8695 0 0
  871 0.8705 0 0
  872 0.8715 0 0
  873 0.8725 0 0
  874 0.8735 0 0
  875 0.8745 0 0
  876 0.8755 0 0
  877 0.8765 0 0
  878 0.8775 0 0
  879 0.8785 0 0
  880 0.8795 0 0
  881 0.8805 0 0
  882 0.8815 0 0
  883 0.8825 0 0
  884 0.8835 0 0
  885 0.8845 0 0
  886 0.8855 0 0
  887 0.8865 0 0
  888 0.8875 0 0
  889 0.8885 0 0
  890 0.8895 0 0
  891 0.8905 0 0
  892 0.8915 0 0
  893 0.8925 0 0
  894 0.8935 0 0
  895 0.8945 0 0
  896 0.8955 0 0
  897 0.8965 0 0
  898 0.8975 0 0
  899 0.8985 0 0
  900 0.8995 0 0
  901 0.9005 0 0
  902 0.9015 0 0
  903 0.9025 0 0
  904 0.9035 0 0
  905 0.9045 0 0
  906 0.9055 0 0
  907 0.9065 0 0
  908 0.9075 0 0
  909 0.9085 0 0
  910 0.9095 0 0
  911 0.9105 0 0
  912 0.9115 0 0
  913 0.9125 0 0
  914 0.9135 0 0
  915 0.9145 0 0
  916 0.9155 0 0
  917 0.9165 0 0
  918 0.9175 0 0
  919 0.9185 0 0
  920 0.9195 0 0
  921 0.9205 0 0
  922 0.9215 0 0
  923 0.9225 0 0
  924 0.9235 0 0
  925 0.9245 0 0
  926 0.9255 0 0
  927 0.9265 0 0
  928 0.9275 0 0
  929 0.9285 0 0
  930 0.9295 0 0
  931 0.9305 0 0
  932 0.9315 0 0
  933 0.9325 0 0
  934 0.9335 0 0
  935 0.9345 0 0
  936 0.9355 0 0
  937 0.9365 0 0
  938 0.9375 0 0
  939 0.9385 0 0
  940 0.9395 0 0
  941 0.9405 0 0
  942 0.9415 0 0
  943 0.9425 0 0
  944 0.9435 0 0
  945 0.9445 0 0
  946 0.9455 0 0
  947 0.9465 0 0
  948 0.9475 0 0
  949 0.9485 0 0
  950 0.9495 0 0
  951 0.9505 0 0
  952 0.9515 0 0
  953 0.9525 0 0
  954 0.9535 0 0
  955 0.9545 0 0
  956 0.9555 0 0
  957 0.9565 0 0
  958 0.9575 0 0
  959 0.9585 0 0
  960 0.9595 0 0
  961 0.9605 0 0
  962 0.9615 0 0
  963 0.9625 0 0
  964 0.9635 0 0
  965 0.9645 0 0
  966 0.9655 0 0
  967 0.9665 0 0
  968 0.9675 0 0
  969 0.9685 0 0
  970 0.9695 0 0
  971 0.9705 0 0
  972 0.9715 0 0
  973 0.9725 0 0
  974 0.9735 0 0
  975 0.9745 0 0
  976 0.9755 0 0
  977 0.9765 0 0
  978 0.9775 0 0
  979 0.9785 0 0
  980 0.9795 0 0
  981 0.9805 0 0
  982 0.9815 0 0
  983 0.9825 0 0
  984 0.9835 0 0
  985 0.9845 0 0
  986 0.9855 0 0
  987 0.9865 0 0
  988 0.9875 0 0
  989 0.9885 0 0
  990 0.9895 0 0
  991 0.9905 0 0
  992 0.9915 0 0
  993 0.9925 0 0
  994 0.9935 0 0
  995 0.9945 0 0
  996 0.9955 0 0
  997 0.9965 0 0
  998 0.9975 0 0
  999 0.9985 0 0
  1000 0.9995 0 0
