# Chunk-averaged data for fix tbeads_cdz and group file
# Timestep Number-of-chunks Total-count
# Chunk Coord1 Ncount density/number
420000 1000 14400
  1 0.0005 0 0
  2 0.0015 0 0
  3 0.0025 0 0
  4 0.0035 0 0
  5 0.0045 0 0
  6 0.0055 0 0
  7 0.0065 0 0
  8 0.0075 0 0
  9 0.0085 0 0
  10 0.0095 0 0
  11 0.0105 0 0
  12 0.0115 0 0
  13 0.0125 0 0
  14 0.0135 0 0
  15 0.0145 0 0
  16 0.0155 0 0
  17 0.0165 0 0
  18 0.0175 0 0
  19 0.0185 0 0
  20 0.0195 0 0
  21 0.0205 0 0
  22 0.0215 0 0
  23 0.0225 0 0
  24 0.0235 0 0
  25 0.0245 0 0
  26 0.0255 0 0
  27 0.0265 0 0
  28 0.0275 0 0
  29 0.0285 0 0
  30 0.0295 0 0
  31 0.0305 0 0
  32 0.0315 0 0
  33 0.0325 0 0
  34 0.0335 0 0
  35 0.0345 0 0
  36 0.0355 0 0
  37 0.0365 0 0
  38 0.0375 0 0
  39 0.0385 0 0
  40 0.0395 0 0
  41 0.0405 0 0
  42 0.0415 0 0
  43 0.0425 0 0
  44 0.0435 0 0
  45 0.0445 0 0
  46 0.0455 0 0
  47 0.0465 0 0
  48 0.0475 0 0
  49 0.0485 0 0
  50 0.0495 0 0
  51 0.0505 0 0
  52 0.0515 0 0
  53 0.0525 0 0
  54 0.0535 0 0
  55 0.0545 0 0
  56 0.0555 0 0
  57 0.0565 0 0
  58 0.0575 0 0
  59 0.0585 0 0
  60 0.0595 0 0
  61 0.0605 0 0
  62 0.0615 0 0
  63 0.0625 0 0
  64 0.0635 0 0
  65 0.0645 0 0
  66 0.0655 0 0
  67 0.0665 0 0
  68 0.0675 0 0
  69 0.0685 0 0
  70 0.0695 0 0
  71 0.0705 0 0
  72 0.0715 0 0
  73 0.0725 0 0
  74 0.0735 0 0
  75 0.0745 0 0
  76 0.0755 0 0
  77 0.0765 0 0
  78 0.0775 0 0
  79 0.0785 0 0
  80 0.0795 0 0
  81 0.0805 0 0
  82 0.0815 0 0
  83 0.0825 0 0
  84 0.0835 0 0
  85 0.0845 0 0
  86 0.0855 0 0
  87 0.0865 0 0
  88 0.0875 0 0
  89 0.0885 0 0
  90 0.0895 0.00142857 6.67584e-06
  91 0.0905 0 0
  92 0.0915 0.00428571 2.00275e-05
  93 0.0925 0.0171429 8.01101e-05
  94 0.0935 0.03 0.000140193
  95 0.0945 0.0571429 0.000267034
  96 0.0955 0.15 0.000700963
  97 0.0965 0.264286 0.00123503
  98 0.0975 0.521429 0.00243668
  99 0.0985 0.7 0.00327116
  100 0.0995 1.07571 0.00502691
  101 0.1005 1.34429 0.00628197
  102 0.1015 1.73286 0.0080978
  103 0.1025 1.92571 0.00899904
  104 0.1035 2.14 0.0100004
  105 0.1045 2.35571 0.0110085
  106 0.1055 2.27429 0.0106279
  107 0.1065 2.47 0.0115425
  108 0.1075 2.49143 0.0116427
  109 0.1085 2.50857 0.0117228
  110 0.1095 2.50143 0.0116894
  111 0.1105 2.58714 0.01209
  112 0.1115 2.61 0.0121968
  113 0.1125 2.57571 0.0120365
  114 0.1135 2.63429 0.0123103
  115 0.1145 2.69714 0.012604
  116 0.1155 2.69143 0.0125773
  117 0.1165 2.82143 0.0131848
  118 0.1175 2.72857 0.0127509
  119 0.1185 2.83571 0.0132515
  120 0.1195 2.92429 0.0136655
  121 0.1205 2.78286 0.0130045
  122 0.1215 2.96 0.0138323
  123 0.1225 3.16429 0.014787
  124 0.1235 3.16143 0.0147736
  125 0.1245 3.22857 0.0150874
  126 0.1255 3.42143 0.0159886
  127 0.1265 3.52429 0.0164693
  128 0.1275 3.82429 0.0178712
  129 0.1285 3.85857 0.0180315
  130 0.1295 4.18143 0.0195402
  131 0.1305 4.36571 0.0204014
  132 0.1315 4.67857 0.0218634
  133 0.1325 4.96 0.0231785
  134 0.1335 5.28429 0.0246939
  135 0.1345 5.87143 0.0274377
  136 0.1355 6.07429 0.0283857
  137 0.1365 6.42714 0.0300346
  138 0.1375 6.88857 0.0321909
  139 0.1385 7.47143 0.0349147
  140 0.1395 7.83857 0.0366303
  141 0.1405 8.25571 0.0385797
  142 0.1415 8.85857 0.0413969
  143 0.1425 9.34286 0.04366
  144 0.1435 9.74857 0.045556
  145 0.1445 10.3771 0.0484933
  146 0.1455 10.7086 0.0500421
  147 0.1465 11.3786 0.0531731
  148 0.1475 11.9457 0.0558234
  149 0.1485 12.1886 0.0569583
  150 0.1495 12.79 0.0597688
  151 0.1505 13.2 0.0616848
  152 0.1515 13.7457 0.064235
  153 0.1525 14.3614 0.0671122
  154 0.1535 14.97 0.0699562
  155 0.1545 15.3443 0.0717052
  156 0.1555 15.91 0.0743489
  157 0.1565 16.4486 0.0768657
  158 0.1575 16.8371 0.0786815
  159 0.1585 17.0057 0.0794692
  160 0.1595 17.95 0.083882
  161 0.1605 18.2514 0.0852906
  162 0.1615 18.5843 0.086846
  163 0.1625 19.3614 0.0904777
  164 0.1635 19.8071 0.0925606
  165 0.1645 20.56 0.0960787
  166 0.1655 21.1871 0.0990094
  167 0.1665 21.9043 0.102361
  168 0.1675 22.4271 0.104804
  169 0.1685 23.1929 0.108382
  170 0.1695 24.0229 0.112261
  171 0.1705 24.8571 0.11616
  172 0.1715 25.7443 0.120305
  173 0.1725 26.4057 0.123396
  174 0.1735 27.5543 0.128764
  175 0.1745 27.7429 0.129645
  176 0.1755 28.9043 0.135072
  177 0.1765 29.52 0.13795
  178 0.1775 31.1343 0.145493
  179 0.1785 31.2271 0.145927
  180 0.1795 32.5671 0.152189
  181 0.1805 33.86 0.158231
  182 0.1815 35.1043 0.164045
  183 0.1825 35.5743 0.166242
  184 0.1835 37.2643 0.174139
  185 0.1845 38.5986 0.180375
  186 0.1855 39.3386 0.183833
  187 0.1865 40.2914 0.188285
  188 0.1875 40.8371 0.190836
  189 0.1885 42.0671 0.196584
  190 0.1895 43.4671 0.203126
  191 0.1905 44.4686 0.207806
  192 0.1915 45.4657 0.212465
  193 0.1925 46.36 0.216644
  194 0.1935 47.5771 0.222332
  195 0.1945 48.76 0.22786
  196 0.1955 49.4871 0.231258
  197 0.1965 50.5871 0.236398
  198 0.1975 51.4271 0.240324
  199 0.1985 52.31 0.244449
  200 0.1995 53.6429 0.250678
  201 0.2005 54.16 0.253095
  202 0.2015 55.1729 0.257828
  203 0.2025 55.8586 0.261032
  204 0.2035 56.1143 0.262227
  205 0.2045 56.9186 0.265986
  206 0.2055 57.1014 0.26684
  207 0.2065 58.0371 0.271213
  208 0.2075 58.3343 0.272601
  209 0.2085 59.1486 0.276407
  210 0.2095 59.8086 0.279491
  211 0.2105 59.8257 0.279571
  212 0.2115 60.8471 0.284344
  213 0.2125 61.2486 0.28622
  214 0.2135 61.8171 0.288877
  215 0.2145 62.1957 0.290646
  216 0.2155 62.8571 0.293737
  217 0.2165 63.09 0.294825
  218 0.2175 64.4971 0.301401
  219 0.2185 65.35 0.305386
  220 0.2195 66.4714 0.310627
  221 0.2205 67.8057 0.316862
  222 0.2215 69.3786 0.324212
  223 0.2225 70.3243 0.328632
  224 0.2235 71.9571 0.336262
  225 0.2245 73.6686 0.34426
  226 0.2255 76.0257 0.355275
  227 0.2265 77.62 0.362725
  228 0.2275 80.2586 0.375056
  229 0.2285 82.8 0.386932
  230 0.2295 85.2643 0.398448
  231 0.2305 87.5786 0.409263
  232 0.2315 90.1757 0.421399
  233 0.2325 92.4329 0.431947
  234 0.2335 94.3729 0.441013
  235 0.2345 97.2271 0.454351
  236 0.2355 98.77 0.461561
  237 0.2365 100.49 0.469599
  238 0.2375 102.487 0.478932
  239 0.2385 103.927 0.485661
  240 0.2395 104.716 0.489346
  241 0.2405 104.627 0.488932
  242 0.2415 103.003 0.481342
  243 0.2425 100.597 0.470099
  244 0.2435 98.7529 0.461481
  245 0.2445 94.9386 0.443656
  246 0.2455 90.8114 0.42437
  247 0.2465 86.6986 0.40515
  248 0.2475 83.9586 0.392346
  249 0.2485 80.6686 0.376971
  250 0.2495 78.8914 0.368667
  251 0.2505 77.2314 0.360909
  252 0.2515 75.94 0.354874
  253 0.2525 75.1014 0.350956
  254 0.2535 74.48 0.348052
  255 0.2545 74.4371 0.347851
  256 0.2555 74.1129 0.346336
  257 0.2565 74.4071 0.347711
  258 0.2575 73.3014 0.342544
  259 0.2585 72.1329 0.337083
  260 0.2595 71.7157 0.335134
  261 0.2605 70.8286 0.330988
  262 0.2615 69.6614 0.325534
  263 0.2625 67.5143 0.3155
  264 0.2635 66.2543 0.309612
  265 0.2645 64.8657 0.303123
  266 0.2655 63.8671 0.298457
  267 0.2665 63.29 0.29576
  268 0.2675 62.4943 0.292041
  269 0.2685 61.9914 0.289692
  270 0.2695 61.1729 0.285866
  271 0.2705 60.6329 0.283343
  272 0.2715 60.3971 0.282241
  273 0.2725 59.2071 0.27668
  274 0.2735 58.8686 0.275098
  275 0.2745 58.5686 0.273696
  276 0.2755 58.1657 0.271814
  277 0.2765 58.3529 0.272688
  278 0.2775 57.2986 0.267761
  279 0.2785 56.8457 0.265645
  280 0.2795 56.38 0.263469
  281 0.2805 56.3743 0.263442
  282 0.2815 55.6029 0.259837
  283 0.2825 55.4129 0.258949
  284 0.2835 55.5729 0.259697
  285 0.2845 54.7614 0.255905
  286 0.2855 55.1514 0.257728
  287 0.2865 54.8186 0.256172
  288 0.2875 54.4643 0.254517
  289 0.2885 54.5629 0.254977
  290 0.2895 54.3129 0.253809
  291 0.2905 54.0443 0.252554
  292 0.2915 53.6814 0.250858
  293 0.2925 53.8129 0.251472
  294 0.2935 53.4071 0.249576
  295 0.2945 53.6443 0.250685
  296 0.2955 53.16 0.248421
  297 0.2965 52.95 0.24744
  298 0.2975 52.3171 0.244483
  299 0.2985 52.0571 0.243268
  300 0.2995 51.83 0.242206
  301 0.3005 51.1543 0.239049
  302 0.3015 51.44 0.240384
  303 0.3025 51.1643 0.239095
  304 0.3035 51.4143 0.240264
  305 0.3045 50.7443 0.237133
  306 0.3055 50.5457 0.236205
  307 0.3065 50.5129 0.236051
  308 0.3075 50.1557 0.234382
  309 0.3085 50.1357 0.234289
  310 0.3095 50.1486 0.234349
  311 0.3105 49.8729 0.23306
  312 0.3115 49.4486 0.231078
  313 0.3125 49.2743 0.230263
  314 0.3135 48.4429 0.226378
  315 0.3145 47.95 0.224075
  316 0.3155 48.4143 0.226244
  317 0.3165 47.8843 0.223768
  318 0.3175 47.4614 0.221792
  319 0.3185 46.7814 0.218614
  320 0.3195 46.99 0.219588
  321 0.3205 46.7229 0.21834
  322 0.3215 46.5214 0.217399
  323 0.3225 46.76 0.218514
  324 0.3235 46.2057 0.215923
  325 0.3245 46.1186 0.215516
  326 0.3255 46.4543 0.217085
  327 0.3265 45.6114 0.213146
  328 0.3275 45.8471 0.214248
  329 0.3285 44.8986 0.209815
  330 0.3295 44.7571 0.209154
  331 0.3305 44.7243 0.209001
  332 0.3315 44.6514 0.20866
  333 0.3325 44.5071 0.207986
  334 0.3335 43.8943 0.205122
  335 0.3345 44.1771 0.206444
  336 0.3355 43.9329 0.205302
  337 0.3365 44.0729 0.205956
  338 0.3375 43.5729 0.20362
  339 0.3385 44.05 0.20585
  340 0.3395 43.7857 0.204615
  341 0.3405 43.2371 0.202051
  342 0.3415 43.9943 0.205589
  343 0.3425 43.5943 0.20372
  344 0.3435 43.6729 0.204087
  345 0.3445 42.92 0.200569
  346 0.3455 43.0271 0.20107
  347 0.3465 42.4386 0.198319
  348 0.3475 42.8271 0.200135
  349 0.3485 42.24 0.197391
  350 0.3495 42.3186 0.197758
  351 0.3505 41.7914 0.195295
  352 0.3515 41.8743 0.195682
  353 0.3525 41.6129 0.194461
  354 0.3535 42.1629 0.197031
  355 0.3545 41.6343 0.194561
  356 0.3555 42.0014 0.196276
  357 0.3565 41.7257 0.194988
  358 0.3575 41.6714 0.194734
  359 0.3585 41.5486 0.19416
  360 0.3595 40.9414 0.191323
  361 0.3605 40.9414 0.191323
  362 0.3615 40.7271 0.190322
  363 0.3625 40.0271 0.18705
  364 0.3635 39.8914 0.186416
  365 0.3645 39.6871 0.185462
  366 0.3655 39.5986 0.185048
  367 0.3665 39.4843 0.184514
  368 0.3675 39.4143 0.184187
  369 0.3685 39.3543 0.183906
  370 0.3695 38.9114 0.181837
  371 0.3705 38.8729 0.181656
  372 0.3715 38.8486 0.181543
  373 0.3725 39.0543 0.182504
  374 0.3735 38.2986 0.178973
  375 0.3745 37.9929 0.177544
  376 0.3755 38.3843 0.179373
  377 0.3765 37.86 0.176923
  378 0.3775 37.9886 0.177524
  379 0.3785 37.9286 0.177244
  380 0.3795 37.2886 0.174253
  381 0.3805 37.6329 0.175862
  382 0.3815 37.4086 0.174814
  383 0.3825 36.6814 0.171416
  384 0.3835 36.67 0.171362
  385 0.3845 36.4643 0.170401
  386 0.3855 36.2071 0.169199
  387 0.3865 35.81 0.167343
  388 0.3875 35.4786 0.165795
  389 0.3885 35.3286 0.165094
  390 0.3895 35.0186 0.163645
  391 0.3905 35.1029 0.164039
  392 0.3915 34.9057 0.163118
  393 0.3925 34.8914 0.163051
  394 0.3935 34.4129 0.160814
  395 0.3945 34.22 0.159913
  396 0.3955 34.1643 0.159653
  397 0.3965 34.1029 0.159366
  398 0.3975 33.7829 0.15787
  399 0.3985 33.2014 0.155153
  400 0.3995 32.9829 0.154132
  401 0.4005 32.5143 0.151942
  402 0.4015 32.8514 0.153518
  403 0.4025 32.2157 0.150547
  404 0.4035 32.0514 0.149779
  405 0.4045 31.94 0.149258
  406 0.4055 31.85 0.148838
  407 0.4065 31.16 0.145613
  408 0.4075 30.62 0.14309
  409 0.4085 29.7171 0.138871
  410 0.4095 29.61 0.13837
  411 0.4105 28.9171 0.135132
  412 0.4115 28.6414 0.133844
  413 0.4125 28.4643 0.133016
  414 0.4135 28.3814 0.132629
  415 0.4145 27.4571 0.12831
  416 0.4155 27.2029 0.127121
  417 0.4165 27.1271 0.126768
  418 0.4175 26.6043 0.124324
  419 0.4185 26.4429 0.12357
  420 0.4195 25.8229 0.120673
  421 0.4205 25.4814 0.119077
  422 0.4215 25.2957 0.118209
  423 0.4225 24.94 0.116547
  424 0.4235 24.4229 0.11413
  425 0.4245 23.8157 0.111293
  426 0.4255 24.0157 0.112228
  427 0.4265 23.4771 0.109711
  428 0.4275 22.7757 0.106433
  429 0.4285 22.4986 0.105138
  430 0.4295 22.1271 0.103402
  431 0.4305 22.2271 0.103869
  432 0.4315 21.51 0.100518
  433 0.4325 21.7786 0.101773
  434 0.4335 21.2629 0.0993632
  435 0.4345 20.7857 0.0971335
  436 0.4355 20.3957 0.095311
  437 0.4365 20.1043 0.0939491
  438 0.4375 19.6743 0.0919397
  439 0.4385 19.5671 0.091439
  440 0.4395 19.1157 0.0893295
  441 0.4405 18.8157 0.0879275
  442 0.4415 18.5029 0.0864655
  443 0.4425 17.8757 0.0835348
  444 0.4435 17.7486 0.0829407
  445 0.4445 17.3214 0.0809446
  446 0.4455 16.8186 0.0785947
  447 0.4465 16.6571 0.0778403
  448 0.4475 16.38 0.0765452
  449 0.4485 15.8257 0.073955
  450 0.4495 15.4443 0.0721725
  451 0.4505 15.0943 0.070537
  452 0.4515 15.0129 0.0701564
  453 0.4525 14.7829 0.0690816
  454 0.4535 14.0529 0.0656703
  455 0.4545 14.0329 0.0655768
  456 0.4555 13.5514 0.063327
  457 0.4565 13.1129 0.0612776
  458 0.4575 12.8686 0.060136
  459 0.4585 12.2971 0.0574657
  460 0.4595 12.2186 0.0570985
  461 0.4605 11.5786 0.0541077
  462 0.4615 10.8571 0.0507364
  463 0.4625 10.3314 0.0482797
  464 0.4635 9.85857 0.04607
  465 0.4645 9.59143 0.0448216
  466 0.4655 8.72286 0.0407627
  467 0.4665 8.36857 0.0391071
  468 0.4675 7.87857 0.0368173
  469 0.4685 7.34571 0.0343272
  470 0.4695 6.74714 0.03153
  471 0.4705 6.30429 0.0294605
  472 0.4715 5.64571 0.0263829
  473 0.4725 5.27714 0.0246606
  474 0.4735 4.64429 0.0217032
  475 0.4745 4.04143 0.018886
  476 0.4755 3.49429 0.0163291
  477 0.4765 2.90857 0.013592
  478 0.4775 2.39 0.0111687
  479 0.4785 1.97286 0.00921934
  480 0.4795 1.57429 0.00735678
  481 0.4805 1.35429 0.0063287
  482 0.4815 1.19429 0.005581
  483 0.4825 1.12286 0.00524721
  484 0.4835 1.09143 0.00510034
  485 0.4845 1.00143 0.00467977
  486 0.4855 1.03143 0.00481996
  487 0.4865 1.05714 0.00494012
  488 0.4875 0.987143 0.00461301
  489 0.4885 1.04571 0.00488672
  490 0.4895 0.93 0.00434597
  491 0.4905 0.91 0.00425251
  492 0.4915 0.777143 0.00363166
  493 0.4925 0.632857 0.0029574
  494 0.4935 0.578571 0.00270372
  495 0.4945 0.412857 0.00192932
  496 0.4955 0.27 0.00126173
  497 0.4965 0.162857 0.000761046
  498 0.4975 0.0885714 0.000413902
  499 0.4985 0.0528571 0.000247006
  500 0.4995 0.0257143 0.000120165
  501 0.5005 0.0114286 5.34067e-05
  502 0.5015 0.00714286 3.33792e-05
  503 0.5025 0 0
  504 0.5035 0 0
  505 0.5045 0 0
  506 0.5055 0 0
  507 0.5065 0 0
  508 0.5075 0 0
  509 0.5085 0 0
  510 0.5095 0 0
  511 0.5105 0 0
  512 0.5115 0 0
  513 0.5125 0 0
  514 0.5135 0 0
  515 0.5145 0 0
  516 0.5155 0 0
  517 0.5165 0 0
  518 0.5175 0 0
  519 0.5185 0 0
  520 0.5195 0 0
  521 0.5205 0 0
  522 0.5215 0 0
  523 0.5225 0 0
  524 0.5235 0 0
  525 0.5245 0 0
  526 0.5255 0 0
  527 0.5265 0 0
  528 0.5275 0 0
  529 0.5285 0 0
  530 0.5295 0 0
  531 0.5305 0 0
  532 0.5315 0 0
  533 0.5325 0 0
  534 0.5335 0 0
  535 0.5345 0 0
  536 0.5355 0 0
  537 0.5365 0 0
  538 0.5375 0 0
  539 0.5385 0 0
  540 0.5395 0 0
  541 0.5405 0 0
  542 0.5415 0 0
  543 0.5425 0 0
  544 0.5435 0 0
  545 0.5445 0 0
  546 0.5455 0 0
  547 0.5465 0 0
  548 0.5475 0 0
  549 0.5485 0 0
  550 0.5495 0 0
  551 0.5505 0 0
  552 0.5515 0 0
  553 0.5525 0 0
  554 0.5535 0 0
  555 0.5545 0 0
  556 0.5555 0 0
  557 0.5565 0 0
  558 0.5575 0 0
  559 0.5585 0 0
  560 0.5595 0 0
  561 0.5605 0 0
  562 0.5615 0 0
  563 0.5625 0 0
  564 0.5635 0 0
  565 0.5645 0 0
  566 0.5655 0 0
  567 0.5665 0 0
  568 0.5675 0 0
  569 0.5685 0 0
  570 0.5695 0 0
  571 0.5705 0 0
  572 0.5715 0 0
  573 0.5725 0 0
  574 0.5735 0 0
  575 0.5745 0 0
  576 0.5755 0 0
  577 0.5765 0 0
  578 0.5775 0 0
  579 0.5785 0 0
  580 0.5795 0 0
  581 0.5805 0 0
  582 0.5815 0 0
  583 0.5825 0 0
  584 0.5835 0 0
  585 0.5845 0 0
  586 0.5855 0 0
  587 0.5865 0 0
  588 0.5875 0 0
  589 0.5885 0 0
  590 0.5895 0 0
  591 0.5905 0 0
  592 0.5915 0 0
  593 0.5925 0 0
  594 0.5935 0 0
  595 0.5945 0 0
  596 0.5955 0 0
  597 0.5965 0 0
  598 0.5975 0 0
  599 0.5985 0 0
  600 0.5995 0 0
  601 0.6005 0 0
  602 0.6015 0 0
  603 0.6025 0 0
  604 0.6035 0 0
  605 0.6045 0 0
  606 0.6055 0 0
  607 0.6065 0 0
  608 0.6075 0 0
  609 0.6085 0 0
  610 0.6095 0 0
  611 0.6105 0 0
  612 0.6115 0 0
  613 0.6125 0 0
  614 0.6135 0 0
  615 0.6145 0 0
  616 0.6155 0 0
  617 0.6165 0 0
  618 0.6175 0 0
  619 0.6185 0 0
  620 0.6195 0 0
  621 0.6205 0 0
  622 0.6215 0 0
  623 0.6225 0 0
  624 0.6235 0 0
  625 0.6245 0 0
  626 0.6255 0 0
  627 0.6265 0 0
  628 0.6275 0 0
  629 0.6285 0 0
  630 0.6295 0 0
  631 0.6305 0 0
  632 0.6315 0 0
  633 0.6325 0 0
  634 0.6335 0 0
  635 0.6345 0 0
  636 0.6355 0 0
  637 0.6365 0 0
  638 0.6375 0 0
  639 0.6385 0 0
  640 0.6395 0 0
  641 0.6405 0 0
  642 0.6415 0 0
  643 0.6425 0 0
  644 0.6435 0 0
  645 0.6445 0 0
  646 0.6455 0 0
  647 0.6465 0 0
  648 0.6475 0 0
  649 0.6485 0 0
  650 0.6495 0 0
  651 0.6505 0 0
  652 0.6515 0 0
  653 0.6525 0 0
  654 0.6535 0 0
  655 0.6545 0 0
  656 0.6555 0 0
  657 0.6565 0 0
  658 0.6575 0 0
  659 0.6585 0 0
  660 0.6595 0 0
  661 0.6605 0 0
  662 0.6615 0 0
  663 0.6625 0 0
  664 0.6635 0 0
  665 0.6645 0 0
  666 0.6655 0 0
  667 0.6665 0 0
  668 0.6675 0 0
  669 0.6685 0 0
  670 0.6695 0 0
  671 0.6705 0 0
  672 0.6715 0 0
  673 0.6725 0 0
  674 0.6735 0 0
  675 0.6745 0 0
  676 0.6755 0 0
  677 0.6765 0 0
  678 0.6775 0 0
  679 0.6785 0 0
  680 0.6795 0 0
  681 0.6805 0 0
  682 0.6815 0 0
  683 0.6825 0 0
  684 0.6835 0 0
  685 0.6845 0 0
  686 0.6855 0 0
  687 0.6865 0 0
  688 0.6875 0 0
  689 0.6885 0 0
  690 0.6895 0 0
  691 0.6905 0 0
  692 0.6915 0 0
  693 0.6925 0 0
  694 0.6935 0 0
  695 0.6945 0 0
  696 0.6955 0 0
  697 0.6965 0 0
  698 0.6975 0 0
  699 0.6985 0 0
  700 0.6995 0 0
  701 0.7005 0 0
  702 0.7015 0 0
  703 0.7025 0 0
  704 0.7035 0 0
  705 0.7045 0 0
  706 0.7055 0 0
  707 0.7065 0 0
  708 0.7075 0 0
  709 0.7085 0 0
  710 0.7095 0 0
  711 0.7105 0 0
  712 0.7115 0 0
  713 0.7125 0 0
  714 0.7135 0 0
  715 0.7145 0 0
  716 0.7155 0 0
  717 0.7165 0 0
  718 0.7175 0 0
  719 0.7185 0 0
  720 0.7195 0 0
  721 0.7205 0 0
  722 0.7215 0 0
  723 0.7225 0 0
  724 0.7235 0 0
  725 0.7245 0 0
  726 0.7255 0 0
  727 0.7265 0 0
  728 0.7275 0 0
  729 0.7285 0 0
  730 0.7295 0 0
  731 0.7305 0 0
  732 0.7315 0 0
  733 0.7325 0 0
  734 0.7335 0 0
  735 0.7345 0 0
  736 0.7355 0 0
  737 0.7365 0 0
  738 0.7375 0 0
  739 0.7385 0 0
  740 0.7395 0 0
  741 0.7405 0 0
  742 0.7415 0 0
  743 0.7425 0 0
  744 0.7435 0 0
  745 0.7445 0 0
  746 0.7455 0 0
  747 0.7465 0 0
  748 0.7475 0 0
  749 0.7485 0 0
  750 0.7495 0 0
  751 0.7505 0 0
  752 0.7515 0 0
  753 0.7525 0 0
  754 0.7535 0 0
  755 0.7545 0 0
  756 0.7555 0 0
  757 0.7565 0 0
  758 0.7575 0 0
  759 0.7585 0 0
  760 0.7595 0 0
  761 0.7605 0 0
  762 0.7615 0 0
  763 0.7625 0 0
  764 0.7635 0 0
  765 0.7645 0 0
  766 0.7655 0 0
  767 0.7665 0 0
  768 0.7675 0 0
  769 0.7685 0 0
  770 0.7695 0 0
  771 0.7705 0 0
  772 0.7715 0 0
  773 0.7725 0 0
  774 0.7735 0 0
  775 0.7745 0 0
  776 0.7755 0 0
  777 0.7765 0 0
  778 0.7775 0 0
  779 0.7785 0 0
  780 0.7795 0 0
  781 0.7805 0 0
  782 0.7815 0 0
  783 0.7825 0 0
  784 0.7835 0 0
  785 0.7845 0 0
  786 0.7855 0 0
  787 0.7865 0 0
  788 0.7875 0 0
  789 0.7885 0 0
  790 0.7895 0 0
  791 0.7905 0 0
  792 0.7915 0 0
  793 0.7925 0 0
  794 0.7935 0 0
  795 0.7945 0 0
  796 0.7955 0 0
  797 0.7965 0 0
  798 0.7975 0 0
  799 0.7985 0 0
  800 0.7995 0 0
  801 0.8005 0 0
  802 0.8015 0 0
  803 0.8025 0 0
  804 0.8035 0 0
  805 0.8045 0 0
  806 0.8055 0 0
  807 0.8065 0 0
  808 0.8075 0 0
  809 0.8085 0 0
  810 0.8095 0 0
  811 0.8105 0 0
  812 0.8115 0 0
  813 0.8125 0 0
  814 0.8135 0 0
  815 0.8145 0 0
  816 0.8155 0 0
  817 0.8165 0 0
  818 0.8175 0 0
  819 0.8185 0 0
  820 0.8195 0 0
  821 0.8205 0 0
  822 0.8215 0 0
  823 0.8225 0 0
  824 0.8235 0 0
  825 0.8245 0 0
  826 0.8255 0 0
  827 0.8265 0 0
  828 0.8275 0 0
  829 0.8285 0 0
  830 0.8295 0 0
  831 0.8305 0 0
  832 0.8315 0 0
  833 0.8325 0 0
  834 0.8335 0 0
  835 0.8345 0 0
  836 0.8355 0 0
  837 0.8365 0 0
  838 0.8375 0 0
  839 0.8385 0 0
  840 0.8395 0 0
  841 0.8405 0 0
  842 0.8415 0 0
  843 0.8425 0 0
  844 0.8435 0 0
  845 0.8445 0 0
  846 0.8455 0 0
  847 0.8465 0 0
  848 0.8475 0 0
  849 0.8485 0 0
  850 0.8495 0 0
  851 0.8505 0 0
  852 0.8515 0 0
  853 0.8525 0 0
  854 0.8535 0 0
  855 0.8545 0 0
  856 0.8555 0 0
  857 0.8565 0 0
  858 0.8575 0 0
  859 0.8585 0 0
  860 0.8595 0 0
  861 0.8605 0 0
  862 0.8615 0 0
  863 0.8625 0 0
  864 0.8635 0 0
  865 0.8645 0 0
  866 0.8655 0 0
  867 0.8665 0 0
  868 0.8675 0 0
  869 0.8685 0 0
  870 0.8695 0 0
  871 0.8705 0 0
  872 0.8715 0 0
  873 0.8725 0 0
  874 0.8735 0 0
  875 0.8745 0 0
  876 0.8755 0 0
  877 0.8765 0 0
  878 0.8775 0 0
  879 0.8785 0 0
  880 0.8795 0 0
  881 0.8805 0 0
  882 0.8815 0 0
  883 0.8825 0 0
  884 0.8835 0 0
  885 0.8845 0 0
  886 0.8855 0 0
  887 0.8865 0 0
  888 0.8875 0 0
  889 0.8885 0 0
  890 0.8895 0 0
  891 0.8905 0 0
  892 0.8915 0 0
  893 0.8925 0 0
  894 0.8935 0 0
  895 0.8945 0 0
  896 0.8955 0 0
  897 0.8965 0 0
  898 0.8975 0 0
  899 0.8985 0 0
  900 0.8995 0 0
  901 0.9005 0 0
  902 0.9015 0 0
  903 0.9025 0 0
  904 0.9035 0 0
  905 0.9045 0 0
  906 0.9055 0 0
  907 0.9065 0 0
  908 0.9075 0 0
  909 0.9085 0 0
  910 0.9095 0 0
  911 0.9105 0 0
  912 0.9115 0 0
  913 0.9125 0 0
  914 0.9135 0 0
  915 0.9145 0 0
  916 0.9155 0 0
  917 0.9165 0 0
  918 0.9175 0 0
  919 0.9185 0 0
  920 0.9195 0 0
  921 0.9205 0 0
  922 0.9215 0 0
  923 0.9225 0 0
  924 0.9235 0 0
  925 0.9245 0 0
  926 0.9255 0 0
  927 0.9265 0 0
  928 0.9275 0 0
  929 0.9285 0 0
  930 0.9295 0 0
  931 0.9305 0 0
  932 0.9315 0 0
  933 0.9325 0 0
  934 0.9335 0 0
  935 0.9345 0 0
  936 0.9355 0 0
  937 0.9365 0 0
  938 0.9375 0 0
  939 0.9385 0 0
  940 0.9395 0 0
  941 0.9405 0 0
  942 0.9415 0 0
  943 0.9425 0 0
  944 0.9435 0 0
  945 0.9445 0 0
  946 0.9455 0 0
  947 0.9465 0 0
  948 0.9475 0 0
  949 0.9485 0 0
  950 0.9495 0 0
  951 0.9505 0 0
  952 0.9515 0 0
  953 0.9525 0 0
  954 0.9535 0 0
  955 0.9545 0 0
  956 0.9555 0 0
  957 0.9565 0 0
  958 0.9575 0 0
  959 0.9585 0 0
  960 0.9595 0 0
  961 0.9605 0 0
  962 0.9615 0 0
  963 0.9625 0 0
  964 0.9635 0 0
  965 0.9645 0 0
  966 0.9655 0 0
  967 0.9665 0 0
  968 0.9675 0 0
  969 0.9685 0 0
  970 0.9695 0 0
  971 0.9705 0 0
  972 0.9715 0 0
  973 0.9725 0 0
  974 0.9735 0 0
  975 0.9745 0 0
  976 0.9755 0 0
  977 0.9765 0 0
  978 0.9775 0 0
  979 0.9785 0 0
  980 0.9795 0 0
  981 0.9805 0 0
  982 0.9815 0 0
  983 0.9825 0 0
  984 0.9835 0 0
  985 0.9845 0 0
  986 0.9855 0 0
  987 0.9865 0 0
  988 0.9875 0 0
  989 0.9885 0 0
  990 0.9895 0 0
  991 0.9905 0 0
  992 0.9915 0 0
  993 0.9925 0 0
  994 0.9935 0 0
  995 0.9945 0 0
  996 0.9955 0 0
  997 0.9965 0 0
  998 0.9975 0 0
  999 0.9985 0 0
  1000 0.9995 0 0
490000 1000 14400
  1 0.0005 0 0
  2 0.0015 0 0
  3 0.0025 0 0
  4 0.0035 0 0
  5 0.0045 0 0
  6 0.0055 0 0
  7 0.0065 0 0
  8 0.0075 0 0
  9 0.0085 0 0
  10 0.0095 0 0
  11 0.0105 0 0
  12 0.0115 0 0
  13 0.0125 0 0
  14 0.0135 0 0
  15 0.0145 0 0
  16 0.0155 0 0
  17 0.0165 0 0
  18 0.0175 0 0
  19 0.0185 0 0
  20 0.0195 0 0
  21 0.0205 0 0
  22 0.0215 0 0
  23 0.0225 0 0
  24 0.0235 0 0
  25 0.0245 0 0
  26 0.0255 0 0
  27 0.0265 0 0
  28 0.0275 0 0
  29 0.0285 0 0
  30 0.0295 0 0
  31 0.0305 0 0
  32 0.0315 0 0
  33 0.0325 0 0
  34 0.0335 0 0
  35 0.0345 0 0
  36 0.0355 0 0
  37 0.0365 0 0
  38 0.0375 0 0
  39 0.0385 0 0
  40 0.0395 0 0
  41 0.0405 0 0
  42 0.0415 0 0
  43 0.0425 0 0
  44 0.0435 0 0
  45 0.0445 0 0
  46 0.0455 0 0
  47 0.0465 0 0
  48 0.0475 0 0
  49 0.0485 0 0
  50 0.0495 0 0
  51 0.0505 0 0
  52 0.0515 0 0
  53 0.0525 0 0
  54 0.0535 0 0
  55 0.0545 0 0
  56 0.0555 0 0
  57 0.0565 0 0
  58 0.0575 0 0
  59 0.0585 0 0
  60 0.0595 0 0
  61 0.0605 0 0
  62 0.0615 0 0
  63 0.0625 0 0
  64 0.0635 0 0
  65 0.0645 0 0
  66 0.0655 0 0
  67 0.0665 0 0
  68 0.0675 0 0
  69 0.0685 0 0
  70 0.0695 0 0
  71 0.0705 0 0
  72 0.0715 0 0
  73 0.0725 0 0
  74 0.0735 0 0
  75 0.0745 0 0
  76 0.0755 0 0
  77 0.0765 0 0
  78 0.0775 0 0
  79 0.0785 0 0
  80 0.0795 0 0
  81 0.0805 0 0
  82 0.0815 0 0
  83 0.0825 0 0
  84 0.0835 0 0
  85 0.0845 0 0
  86 0.0855 0 0
  87 0.0865 0.00285714 1.33517e-05
  88 0.0875 0 0
  89 0.0885 0.00714286 3.33792e-05
  90 0.0895 0.00714286 3.33792e-05
  91 0.0905 0.0171429 8.01101e-05
  92 0.0915 0.04 0.000186924
  93 0.0925 0.188571 0.000881211
  94 0.0935 0.288571 0.00134852
  95 0.0945 0.667143 0.00311762
  96 0.0955 1.32857 0.00620853
  97 0.0965 2.55857 0.0119564
  98 0.0975 4.37571 0.0204481
  99 0.0985 7.17429 0.0335261
  100 0.0995 10.3929 0.0485668
  101 0.1005 13.3671 0.0624659
  102 0.1015 16.7514 0.0782809
  103 0.1025 18.85 0.0880877
  104 0.1035 20.69 0.0966862
  105 0.1045 21.8714 0.102207
  106 0.1055 22.2329 0.103896
  107 0.1065 22.7829 0.106466
  108 0.1075 22.5514 0.105385
  109 0.1085 23.1814 0.108329
  110 0.1095 22.9571 0.107281
  111 0.1105 22.9071 0.107047
  112 0.1115 22.2729 0.104083
  113 0.1125 22.1057 0.103302
  114 0.1135 21.8029 0.101887
  115 0.1145 21.9586 0.102614
  116 0.1155 21.8229 0.10198
  117 0.1165 21.2286 0.099203
  118 0.1175 20.8514 0.0974406
  119 0.1185 21.1371 0.0987758
  120 0.1195 20.9471 0.0978879
  121 0.1205 20.6871 0.0966729
  122 0.1215 20.6729 0.0966061
  123 0.1225 21.1071 0.0986356
  124 0.1235 21.0729 0.0984754
  125 0.1245 21.5429 0.100672
  126 0.1255 21.7014 0.101413
  127 0.1265 22.59 0.105565
  128 0.1275 22.9871 0.107421
  129 0.1285 24.0271 0.112281
  130 0.1295 24.8357 0.11606
  131 0.1305 26.0914 0.121928
  132 0.1315 27.6443 0.129184
  133 0.1325 28.7386 0.134298
  134 0.1335 30.5157 0.142603
  135 0.1345 32.5186 0.151962
  136 0.1355 34.6271 0.161816
  137 0.1365 36.6557 0.171295
  138 0.1375 38.3543 0.179233
  139 0.1385 40.6686 0.190048
  140 0.1395 43.26 0.202158
  141 0.1405 45.3686 0.212011
  142 0.1415 47.2757 0.220924
  143 0.1425 49.1086 0.229489
  144 0.1435 51.8314 0.242213
  145 0.1445 52.9029 0.24722
  146 0.1455 54.9971 0.257007
  147 0.1465 57.1886 0.267247
  148 0.1475 58.7243 0.274424
  149 0.1485 59.4129 0.277642
  150 0.1495 61.3929 0.286894
  151 0.1505 62.7414 0.293196
  152 0.1515 63.2957 0.295787
  153 0.1525 64.9571 0.303551
  154 0.1535 65.5986 0.306548
  155 0.1545 66.5186 0.310847
  156 0.1555 68.2314 0.318852
  157 0.1565 68.9129 0.322036
  158 0.1575 70.0343 0.327277
  159 0.1585 70.5729 0.329793
  160 0.1595 71.7729 0.335401
  161 0.1605 72.2843 0.337791
  162 0.1615 73.44 0.343192
  163 0.1625 74.58 0.348519
  164 0.1635 76.7486 0.358653
  165 0.1645 77.1686 0.360616
  166 0.1655 78.4429 0.366571
  167 0.1665 79.9471 0.3736
  168 0.1675 80.9386 0.378233
  169 0.1685 84.0414 0.392733
  170 0.1695 85.3 0.398615
  171 0.1705 87.4614 0.408715
  172 0.1715 89.0186 0.415992
  173 0.1725 90.8129 0.424377
  174 0.1735 93.7129 0.437929
  175 0.1745 96.6886 0.451834
  176 0.1755 98.7529 0.461481
  177 0.1765 101.026 0.472102
  178 0.1775 103.911 0.485587
  179 0.1785 106.881 0.499467
  180 0.1795 109.433 0.51139
  181 0.1805 112.687 0.526597
  182 0.1815 115.084 0.537799
  183 0.1825 118.204 0.552379
  184 0.1835 121.271 0.566712
  185 0.1845 123.669 0.577914
  186 0.1855 125.343 0.585738
  187 0.1865 128.327 0.599684
  188 0.1875 130.593 0.610272
  189 0.1885 132.043 0.617048
  190 0.1895 134.489 0.628477
  191 0.1905 135.999 0.635534
  192 0.1915 137.701 0.643491
  193 0.1925 137.764 0.643785
  194 0.1935 139.724 0.652944
  195 0.1945 138.789 0.648571
  196 0.1955 137.884 0.644346
  197 0.1965 137.324 0.641729
  198 0.1975 136.616 0.638418
  199 0.1985 135.466 0.633043
  200 0.1995 133.959 0.626
  201 0.2005 132.033 0.617001
  202 0.2015 130.204 0.608456
  203 0.2025 128.811 0.601947
  204 0.2035 129.216 0.603837
  205 0.2045 128.3 0.599557
  206 0.2055 128.746 0.60164
  207 0.2065 129.157 0.603563
  208 0.2075 130.136 0.608136
  209 0.2085 131.096 0.612622
  210 0.2095 132.25 0.618016
  211 0.2105 134.111 0.626715
  212 0.2115 135.883 0.634993
  213 0.2125 136.734 0.638972
  214 0.2135 140.36 0.655915
  215 0.2145 143.019 0.668339
  216 0.2155 147.111 0.687465
  217 0.2165 151.57 0.7083
  218 0.2175 159.359 0.744697
  219 0.2185 167.293 0.781775
  220 0.2195 175.46 0.81994
  221 0.2205 184.826 0.863707
  222 0.2215 195.76 0.914804
  223 0.2225 205.754 0.961508
  224 0.2235 215.291 1.00608
  225 0.2245 224.899 1.05097
  226 0.2255 231.557 1.08209
  227 0.2265 239.607 1.11971
  228 0.2275 245.034 1.14507
  229 0.2285 249.843 1.16754
  230 0.2295 252.574 1.1803
  231 0.2305 254.243 1.1881
  232 0.2315 254.259 1.18817
  233 0.2325 255.596 1.19442
  234 0.2335 253.497 1.18461
  235 0.2345 248.177 1.15975
  236 0.2355 236.489 1.10513
  237 0.2365 211.879 0.990128
  238 0.2375 179.961 0.840976
  239 0.2385 141.544 0.661449
  240 0.2395 102.237 0.477763
  241 0.2405 67.6086 0.315941
  242 0.2415 41.2014 0.192538
  243 0.2425 23.0257 0.107601
  244 0.2435 12.8986 0.0602762
  245 0.2445 8.32429 0.0389001
  246 0.2455 7.71571 0.0360562
  247 0.2465 10.9129 0.0509968
  248 0.2475 17.0457 0.0796562
  249 0.2485 26.1614 0.122255
  250 0.2495 36.9029 0.17245
  251 0.2505 47.9057 0.223868
  252 0.2515 56.2086 0.262668
  253 0.2525 59.4929 0.278015
  254 0.2535 56.8157 0.265505
  255 0.2545 50.04 0.233841
  256 0.2555 39.3743 0.184
  257 0.2565 28.7314 0.134265
  258 0.2575 18.4629 0.0862786
  259 0.2585 11.4843 0.0536671
  260 0.2595 6.28 0.029347
  261 0.2605 3.10714 0.01452
  262 0.2615 1.46429 0.00684274
  263 0.2625 0.604286 0.00282388
  264 0.2635 0.238571 0.00111487
  265 0.2645 0.0957143 0.000447281
  266 0.2655 0.0285714 0.000133517
  267 0.2665 0.00714286 3.33792e-05
  268 0.2675 0.00428571 2.00275e-05
  269 0.2685 0 0
  270 0.2695 0 0
  271 0.2705 0 0
  272 0.2715 0 0
  273 0.2725 0 0
  274 0.2735 0 0
  275 0.2745 0 0
  276 0.2755 0 0
  277 0.2765 0 0
  278 0.2775 0 0
  279 0.2785 0 0
  280 0.2795 0 0
  281 0.2805 0 0
  282 0.2815 0 0
  283 0.2825 0 0
  284 0.2835 0 0
  285 0.2845 0 0
  286 0.2855 0 0
  287 0.2865 0 0
  288 0.2875 0 0
  289 0.2885 0 0
  290 0.2895 0 0
  291 0.2905 0 0
  292 0.2915 0 0
  293 0.2925 0 0
  294 0.2935 0 0
  295 0.2945 0 0
  296 0.2955 0 0
  297 0.2965 0 0
  298 0.2975 0 0
  299 0.2985 0 0
  300 0.2995 0 0
  301 0.3005 0 0
  302 0.3015 0 0
  303 0.3025 0 0
  304 0.3035 0 0
  305 0.3045 0 0
  306 0.3055 0 0
  307 0.3065 0 0
  308 0.3075 0 0
  309 0.3085 0 0
  310 0.3095 0 0
  311 0.3105 0 0
  312 0.3115 0 0
  313 0.3125 0 0
  314 0.3135 0 0
  315 0.3145 0 0
  316 0.3155 0 0
  317 0.3165 0 0
  318 0.3175 0 0
  319 0.3185 0 0
  320 0.3195 0 0
  321 0.3205 0 0
  322 0.3215 0 0
  323 0.3225 0 0
  324 0.3235 0 0
  325 0.3245 0 0
  326 0.3255 0 0
  327 0.3265 0 0
  328 0.3275 0 0
  329 0.3285 0 0
  330 0.3295 0 0
  331 0.3305 0 0
  332 0.3315 0 0
  333 0.3325 0 0
  334 0.3335 0 0
  335 0.3345 0 0
  336 0.3355 0 0
  337 0.3365 0 0
  338 0.3375 0 0
  339 0.3385 0 0
  340 0.3395 0 0
  341 0.3405 0 0
  342 0.3415 0 0
  343 0.3425 0 0
  344 0.3435 0 0
  345 0.3445 0 0
  346 0.3455 0 0
  347 0.3465 0 0
  348 0.3475 0 0
  349 0.3485 0 0
  350 0.3495 0 0
  351 0.3505 0 0
  352 0.3515 0 0
  353 0.3525 0 0
  354 0.3535 0 0
  355 0.3545 0 0
  356 0.3555 0 0
  357 0.3565 0 0
  358 0.3575 0 0
  359 0.3585 0 0
  360 0.3595 0 0
  361 0.3605 0 0
  362 0.3615 0 0
  363 0.3625 0 0
  364 0.3635 0 0
  365 0.3645 0 0
  366 0.3655 0 0
  367 0.3665 0 0
  368 0.3675 0 0
  369 0.3685 0 0
  370 0.3695 0 0
  371 0.3705 0 0
  372 0.3715 0 0
  373 0.3725 0 0
  374 0.3735 0 0
  375 0.3745 0 0
  376 0.3755 0 0
  377 0.3765 0 0
  378 0.3775 0 0
  379 0.3785 0 0
  380 0.3795 0 0
  381 0.3805 0 0
  382 0.3815 0 0
  383 0.3825 0 0
  384 0.3835 0 0
  385 0.3845 0 0
  386 0.3855 0 0
  387 0.3865 0 0
  388 0.3875 0 0
  389 0.3885 0 0
  390 0.3895 0 0
  391 0.3905 0 0
  392 0.3915 0 0
  393 0.3925 0 0
  394 0.3935 0 0
  395 0.3945 0 0
  396 0.3955 0 0
  397 0.3965 0 0
  398 0.3975 0 0
  399 0.3985 0 0
  400 0.3995 0 0
  401 0.4005 0 0
  402 0.4015 0 0
  403 0.4025 0 0
  404 0.4035 0 0
  405 0.4045 0 0
  406 0.4055 0 0
  407 0.4065 0 0
  408 0.4075 0 0
  409 0.4085 0 0
  410 0.4095 0 0
  411 0.4105 0 0
  412 0.4115 0 0
  413 0.4125 0 0
  414 0.4135 0 0
  415 0.4145 0 0
  416 0.4155 0 0
  417 0.4165 0 0
  418 0.4175 0 0
  419 0.4185 0 0
  420 0.4195 0 0
  421 0.4205 0 0
  422 0.4215 0 0
  423 0.4225 0 0
  424 0.4235 0 0
  425 0.4245 0 0
  426 0.4255 0 0
  427 0.4265 0 0
  428 0.4275 0 0
  429 0.4285 0 0
  430 0.4295 0 0
  431 0.4305 0 0
  432 0.4315 0 0
  433 0.4325 0 0
  434 0.4335 0 0
  435 0.4345 0 0
  436 0.4355 0 0
  437 0.4365 0 0
  438 0.4375 0 0
  439 0.4385 0 0
  440 0.4395 0 0
  441 0.4405 0 0
  442 0.4415 0 0
  443 0.4425 0 0
  444 0.4435 0 0
  445 0.4445 0 0
  446 0.4455 0 0
  447 0.4465 0 0
  448 0.4475 0 0
  449 0.4485 0 0
  450 0.4495 0 0
  451 0.4505 0 0
  452 0.4515 0 0
  453 0.4525 0 0
  454 0.4535 0 0
  455 0.4545 0 0
  456 0.4555 0 0
  457 0.4565 0 0
  458 0.4575 0 0
  459 0.4585 0 0
  460 0.4595 0 0
  461 0.4605 0 0
  462 0.4615 0 0
  463 0.4625 0 0
  464 0.4635 0 0
  465 0.4645 0 0
  466 0.4655 0 0
  467 0.4665 0 0
  468 0.4675 0 0
  469 0.4685 0 0
  470 0.4695 0 0
  471 0.4705 0 0
  472 0.4715 0 0
  473 0.4725 0 0
  474 0.4735 0 0
  475 0.4745 0 0
  476 0.4755 0 0
  477 0.4765 0 0
  478 0.4775 0 0
  479 0.4785 0 0
  480 0.4795 0 0
  481 0.4805 0 0
  482 0.4815 0 0
  483 0.4825 0 0
  484 0.4835 0 0
  485 0.4845 0 0
  486 0.4855 0 0
  487 0.4865 0 0
  488 0.4875 0 0
  489 0.4885 0 0
  490 0.4895 0 0
  491 0.4905 0 0
  492 0.4915 0 0
  493 0.4925 0 0
  494 0.4935 0 0
  495 0.4945 0 0
  496 0.4955 0 0
  497 0.4965 0 0
  498 0.4975 0 0
  499 0.4985 0 0
  500 0.4995 0 0
  501 0.5005 0 0
  502 0.5015 0 0
  503 0.5025 0 0
  504 0.5035 0 0
  505 0.5045 0 0
  506 0.5055 0 0
  507 0.5065 0 0
  508 0.5075 0 0
  509 0.5085 0 0
  510 0.5095 0 0
  511 0.5105 0 0
  512 0.5115 0 0
  513 0.5125 0 0
  514 0.5135 0 0
  515 0.5145 0 0
  516 0.5155 0 0
  517 0.5165 0 0
  518 0.5175 0 0
  519 0.5185 0 0
  520 0.5195 0 0
  521 0.5205 0 0
  522 0.5215 0 0
  523 0.5225 0 0
  524 0.5235 0 0
  525 0.5245 0 0
  526 0.5255 0 0
  527 0.5265 0 0
  528 0.5275 0 0
  529 0.5285 0 0
  530 0.5295 0 0
  531 0.5305 0 0
  532 0.5315 0 0
  533 0.5325 0 0
  534 0.5335 0 0
  535 0.5345 0 0
  536 0.5355 0 0
  537 0.5365 0 0
  538 0.5375 0 0
  539 0.5385 0 0
  540 0.5395 0 0
  541 0.5405 0 0
  542 0.5415 0 0
  543 0.5425 0 0
  544 0.5435 0 0
  545 0.5445 0 0
  546 0.5455 0 0
  547 0.5465 0 0
  548 0.5475 0 0
  549 0.5485 0 0
  550 0.5495 0 0
  551 0.5505 0 0
  552 0.5515 0 0
  553 0.5525 0 0
  554 0.5535 0 0
  555 0.5545 0 0
  556 0.5555 0 0
  557 0.5565 0 0
  558 0.5575 0 0
  559 0.5585 0 0
  560 0.5595 0 0
  561 0.5605 0 0
  562 0.5615 0 0
  563 0.5625 0 0
  564 0.5635 0 0
  565 0.5645 0 0
  566 0.5655 0 0
  567 0.5665 0 0
  568 0.5675 0 0
  569 0.5685 0 0
  570 0.5695 0 0
  571 0.5705 0 0
  572 0.5715 0 0
  573 0.5725 0 0
  574 0.5735 0 0
  575 0.5745 0 0
  576 0.5755 0 0
  577 0.5765 0 0
  578 0.5775 0 0
  579 0.5785 0 0
  580 0.5795 0 0
  581 0.5805 0 0
  582 0.5815 0 0
  583 0.5825 0 0
  584 0.5835 0 0
  585 0.5845 0 0
  586 0.5855 0 0
  587 0.5865 0 0
  588 0.5875 0 0
  589 0.5885 0 0
  590 0.5895 0 0
  591 0.5905 0 0
  592 0.5915 0 0
  593 0.5925 0 0
  594 0.5935 0 0
  595 0.5945 0 0
  596 0.5955 0 0
  597 0.5965 0 0
  598 0.5975 0 0
  599 0.5985 0 0
  600 0.5995 0 0
  601 0.6005 0 0
  602 0.6015 0 0
  603 0.6025 0 0
  604 0.6035 0 0
  605 0.6045 0 0
  606 0.6055 0 0
  607 0.6065 0 0
  608 0.6075 0 0
  609 0.6085 0 0
  610 0.6095 0 0
  611 0.6105 0 0
  612 0.6115 0 0
  613 0.6125 0 0
  614 0.6135 0 0
  615 0.6145 0 0
  616 0.6155 0 0
  617 0.6165 0 0
  618 0.6175 0 0
  619 0.6185 0 0
  620 0.6195 0 0
  621 0.6205 0 0
  622 0.6215 0 0
  623 0.6225 0 0
  624 0.6235 0 0
  625 0.6245 0 0
  626 0.6255 0 0
  627 0.6265 0 0
  628 0.6275 0 0
  629 0.6285 0 0
  630 0.6295 0 0
  631 0.6305 0 0
  632 0.6315 0 0
  633 0.6325 0 0
  634 0.6335 0 0
  635 0.6345 0 0
  636 0.6355 0 0
  637 0.6365 0 0
  638 0.6375 0 0
  639 0.6385 0 0
  640 0.6395 0 0
  641 0.6405 0 0
  642 0.6415 0 0
  643 0.6425 0 0
  644 0.6435 0 0
  645 0.6445 0 0
  646 0.6455 0 0
  647 0.6465 0 0
  648 0.6475 0 0
  649 0.6485 0 0
  650 0.6495 0 0
  651 0.6505 0 0
  652 0.6515 0 0
  653 0.6525 0 0
  654 0.6535 0 0
  655 0.6545 0 0
  656 0.6555 0 0
  657 0.6565 0 0
  658 0.6575 0 0
  659 0.6585 0 0
  660 0.6595 0 0
  661 0.6605 0 0
  662 0.6615 0 0
  663 0.6625 0 0
  664 0.6635 0 0
  665 0.6645 0 0
  666 0.6655 0 0
  667 0.6665 0 0
  668 0.6675 0 0
  669 0.6685 0 0
  670 0.6695 0 0
  671 0.6705 0 0
  672 0.6715 0 0
  673 0.6725 0 0
  674 0.6735 0 0
  675 0.6745 0 0
  676 0.6755 0 0
  677 0.6765 0 0
  678 0.6775 0 0
  679 0.6785 0 0
  680 0.6795 0 0
  681 0.6805 0 0
  682 0.6815 0 0
  683 0.6825 0 0
  684 0.6835 0 0
  685 0.6845 0 0
  686 0.6855 0 0
  687 0.6865 0 0
  688 0.6875 0 0
  689 0.6885 0 0
  690 0.6895 0 0
  691 0.6905 0 0
  692 0.6915 0 0
  693 0.6925 0 0
  694 0.6935 0 0
  695 0.6945 0 0
  696 0.6955 0 0
  697 0.6965 0 0
  698 0.6975 0 0
  699 0.6985 0 0
  700 0.6995 0 0
  701 0.7005 0 0
  702 0.7015 0 0
  703 0.7025 0 0
  704 0.7035 0 0
  705 0.7045 0 0
  706 0.7055 0 0
  707 0.7065 0 0
  708 0.7075 0 0
  709 0.7085 0 0
  710 0.7095 0 0
  711 0.7105 0 0
  712 0.7115 0 0
  713 0.7125 0 0
  714 0.7135 0 0
  715 0.7145 0 0
  716 0.7155 0 0
  717 0.7165 0 0
  718 0.7175 0 0
  719 0.7185 0 0
  720 0.7195 0 0
  721 0.7205 0 0
  722 0.7215 0 0
  723 0.7225 0 0
  724 0.7235 0 0
  725 0.7245 0 0
  726 0.7255 0 0
  727 0.7265 0 0
  728 0.7275 0 0
  729 0.7285 0 0
  730 0.7295 0 0
  731 0.7305 0 0
  732 0.7315 0 0
  733 0.7325 0 0
  734 0.7335 0 0
  735 0.7345 0 0
  736 0.7355 0 0
  737 0.7365 0 0
  738 0.7375 0 0
  739 0.7385 0 0
  740 0.7395 0 0
  741 0.7405 0 0
  742 0.7415 0 0
  743 0.7425 0 0
  744 0.7435 0 0
  745 0.7445 0 0
  746 0.7455 0 0
  747 0.7465 0 0
  748 0.7475 0 0
  749 0.7485 0 0
  750 0.7495 0 0
  751 0.7505 0 0
  752 0.7515 0 0
  753 0.7525 0 0
  754 0.7535 0 0
  755 0.7545 0 0
  756 0.7555 0 0
  757 0.7565 0 0
  758 0.7575 0 0
  759 0.7585 0 0
  760 0.7595 0 0
  761 0.7605 0 0
  762 0.7615 0 0
  763 0.7625 0 0
  764 0.7635 0 0
  765 0.7645 0 0
  766 0.7655 0 0
  767 0.7665 0 0
  768 0.7675 0 0
  769 0.7685 0 0
  770 0.7695 0 0
  771 0.7705 0 0
  772 0.7715 0 0
  773 0.7725 0 0
  774 0.7735 0 0
  775 0.7745 0 0
  776 0.7755 0 0
  777 0.7765 0 0
  778 0.7775 0 0
  779 0.7785 0 0
  780 0.7795 0 0
  781 0.7805 0 0
  782 0.7815 0 0
  783 0.7825 0 0
  784 0.7835 0 0
  785 0.7845 0 0
  786 0.7855 0 0
  787 0.7865 0 0
  788 0.7875 0 0
  789 0.7885 0 0
  790 0.7895 0 0
  791 0.7905 0 0
  792 0.7915 0 0
  793 0.7925 0 0
  794 0.7935 0 0
  795 0.7945 0 0
  796 0.7955 0 0
  797 0.7965 0 0
  798 0.7975 0 0
  799 0.7985 0 0
  800 0.7995 0 0
  801 0.8005 0 0
  802 0.8015 0 0
  803 0.8025 0 0
  804 0.8035 0 0
  805 0.8045 0 0
  806 0.8055 0 0
  807 0.8065 0 0
  808 0.8075 0 0
  809 0.8085 0 0
  810 0.8095 0 0
  811 0.8105 0 0
  812 0.8115 0 0
  813 0.8125 0 0
  814 0.8135 0 0
  815 0.8145 0 0
  816 0.8155 0 0
  817 0.8165 0 0
  818 0.8175 0 0
  819 0.8185 0 0
  820 0.8195 0 0
  821 0.8205 0 0
  822 0.8215 0 0
  823 0.8225 0 0
  824 0.8235 0 0
  825 0.8245 0 0
  826 0.8255 0 0
  827 0.8265 0 0
  828 0.8275 0 0
  829 0.8285 0 0
  830 0.8295 0 0
  831 0.8305 0 0
  832 0.8315 0 0
  833 0.8325 0 0
  834 0.8335 0 0
  835 0.8345 0 0
  836 0.8355 0 0
  837 0.8365 0 0
  838 0.8375 0 0
  839 0.8385 0 0
  840 0.8395 0 0
  841 0.8405 0 0
  842 0.8415 0 0
  843 0.8425 0 0
  844 0.8435 0 0
  845 0.8445 0 0
  846 0.8455 0 0
  847 0.8465 0 0
  848 0.8475 0 0
  849 0.8485 0 0
  850 0.8495 0 0
  851 0.8505 0 0
  852 0.8515 0 0
  853 0.8525 0 0
  854 0.8535 0 0
  855 0.8545 0 0
  856 0.8555 0 0
  857 0.8565 0 0
  858 0.8575 0 0
  859 0.8585 0 0
  860 0.8595 0 0
  861 0.8605 0 0
  862 0.8615 0 0
  863 0.8625 0 0
  864 0.8635 0 0
  865 0.8645 0 0
  866 0.8655 0 0
  867 0.8665 0 0
  868 0.8675 0 0
  869 0.8685 0 0
  870 0.8695 0 0
  871 0.8705 0 0
  872 0.8715 0 0
  873 0.8725 0 0
  874 0.8735 0 0
  875 0.8745 0 0
  876 0.8755 0 0
  877 0.8765 0 0
  878 0.8775 0 0
  879 0.8785 0 0
  880 0.8795 0 0
  881 0.8805 0 0
  882 0.8815 0 0
  883 0.8825 0 0
  884 0.8835 0 0
  885 0.8845 0 0
  886 0.8855 0 0
  887 0.8865 0 0
  888 0.8875 0 0
  889 0.8885 0 0
  890 0.8895 0 0
  891 0.8905 0 0
  892 0.8915 0 0
  893 0.8925 0 0
  894 0.8935 0 0
  895 0.8945 0 0
  896 0.8955 0 0
  897 0.8965 0 0
  898 0.8975 0 0
  899 0.8985 0 0
  900 0.8995 0 0
  901 0.9005 0 0
  902 0.9015 0 0
  903 0.9025 0 0
  904 0.9035 0 0
  905 0.9045 0 0
  906 0.9055 0 0
  907 0.9065 0 0
  908 0.9075 0 0
  909 0.9085 0 0
  910 0.9095 0 0
  911 0.9105 0 0
  912 0.9115 0 0
  913 0.9125 0 0
  914 0.9135 0 0
  915 0.9145 0 0
  916 0.9155 0 0
  917 0.9165 0 0
  918 0.9175 0 0
  919 0.9185 0 0
  920 0.9195 0 0
  921 0.9205 0 0
  922 0.9215 0 0
  923 0.9225 0 0
  924 0.9235 0 0
  925 0.9245 0 0
  926 0.9255 0 0
  927 0.9265 0 0
  928 0.9275 0 0
  929 0.9285 0 0
  930 0.9295 0 0
  931 0.9305 0 0
  932 0.9315 0 0
  933 0.9325 0 0
  934 0.9335 0 0
  935 0.9345 0 0
  936 0.9355 0 0
  937 0.9365 0 0
  938 0.9375 0 0
  939 0.9385 0 0
  940 0.9395 0 0
  941 0.9405 0 0
  942 0.9415 0 0
  943 0.9425 0 0
  944 0.9435 0 0
  945 0.9445 0 0
  946 0.9455 0 0
  947 0.9465 0 0
  948 0.9475 0 0
  949 0.9485 0 0
  950 0.9495 0 0
  951 0.9505 0 0
  952 0.9515 0 0
  953 0.9525 0 0
  954 0.9535 0 0
  955 0.9545 0 0
  956 0.9555 0 0
  957 0.9565 0 0
  958 0.9575 0 0
  959 0.9585 0 0
  960 0.9595 0 0
  961 0.9605 0 0
  962 0.9615 0 0
  963 0.9625 0 0
  964 0.9635 0 0
  965 0.9645 0 0
  966 0.9655 0 0
  967 0.9665 0 0
  968 0.9675 0 0
  969 0.9685 0 0
  970 0.9695 0 0
  971 0.9705 0 0
  972 0.9715 0 0
  973 0.9725 0 0
  974 0.9735 0 0
  975 0.9745 0 0
  976 0.9755 0 0
  977 0.9765 0 0
  978 0.9775 0 0
  979 0.9785 0 0
  980 0.9795 0 0
  981 0.9805 0 0
  982 0.9815 0 0
  983 0.9825 0 0
  984 0.9835 0 0
  985 0.9845 0 0
  986 0.9855 0 0
  987 0.9865 0 0
  988 0.9875 0 0
  989 0.9885 0 0
  990 0.9895 0 0
  991 0.9905 0 0
  992 0.9915 0 0
  993 0.9925 0 0
  994 0.9935 0 0
  995 0.9945 0 0
  996 0.9955 0 0
  997 0.9965 0 0
  998 0.9975 0 0
  999 0.9985 0 0
  1000 0.9995 0 0
560000 1000 14400
  1 0.0005 0 0
  2 0.0015 0 0
  3 0.0025 0 0
  4 0.0035 0 0
  5 0.0045 0 0
  6 0.0055 0 0
  7 0.0065 0 0
  8 0.0075 0 0
  9 0.0085 0 0
  10 0.0095 0 0
  11 0.0105 0 0
  12 0.0115 0 0
  13 0.0125 0 0
  14 0.0135 0 0
  15 0.0145 0 0
  16 0.0155 0 0
  17 0.0165 0 0
  18 0.0175 0 0
  19 0.0185 0 0
  20 0.0195 0 0
  21 0.0205 0 0
  22 0.0215 0 0
  23 0.0225 0 0
  24 0.0235 0 0
  25 0.0245 0 0
  26 0.0255 0 0
  27 0.0265 0 0
  28 0.0275 0 0
  29 0.0285 0 0
  30 0.0295 0 0
  31 0.0305 0 0
  32 0.0315 0 0
  33 0.0325 0 0
  34 0.0335 0 0
  35 0.0345 0 0
  36 0.0355 0 0
  37 0.0365 0 0
  38 0.0375 0 0
  39 0.0385 0 0
  40 0.0395 0 0
  41 0.0405 0 0
  42 0.0415 0 0
  43 0.0425 0 0
  44 0.0435 0 0
  45 0.0445 0 0
  46 0.0455 0 0
  47 0.0465 0 0
  48 0.0475 0 0
  49 0.0485 0 0
  50 0.0495 0 0
  51 0.0505 0 0
  52 0.0515 0 0
  53 0.0525 0 0
  54 0.0535 0 0
  55 0.0545 0 0
  56 0.0555 0 0
  57 0.0565 0 0
  58 0.0575 0 0
  59 0.0585 0 0
  60 0.0595 0 0
  61 0.0605 0 0
  62 0.0615 0 0
  63 0.0625 0 0
  64 0.0635 0 0
  65 0.0645 0 0
  66 0.0655 0 0
  67 0.0665 0 0
  68 0.0675 0 0
  69 0.0685 0 0
  70 0.0695 0 0
  71 0.0705 0 0
  72 0.0715 0 0
  73 0.0725 0 0
  74 0.0735 0 0
  75 0.0745 0 0
  76 0.0755 0 0
  77 0.0765 0 0
  78 0.0775 0 0
  79 0.0785 0 0
  80 0.0795 0 0
  81 0.0805 0 0
  82 0.0815 0 0
  83 0.0825 0 0
  84 0.0835 0 0
  85 0.0845 0 0
  86 0.0855 0 0
  87 0.0865 0.00285714 1.33517e-05
  88 0.0875 0.00142857 6.67584e-06
  89 0.0885 0.00571429 2.67034e-05
  90 0.0895 0.0114286 5.34067e-05
  91 0.0905 0.02 9.34618e-05
  92 0.0915 0.0457143 0.000213627
  93 0.0925 0.158571 0.000741019
  94 0.0935 0.394286 0.00184253
  95 0.0945 0.92 0.00429924
  96 0.0955 1.86429 0.00871197
  97 0.0965 3.60143 0.0168298
  98 0.0975 6.56429 0.0306755
  99 0.0985 10.3171 0.0482129
  100 0.0995 15.0457 0.07031
  101 0.1005 20.2686 0.0947169
  102 0.1015 24.84 0.11608
  103 0.1025 28.5857 0.133584
  104 0.1035 31.2343 0.145961
  105 0.1045 32.1314 0.150153
  106 0.1055 33.1086 0.154719
  107 0.1065 33.9471 0.158638
  108 0.1075 33.4714 0.156415
  109 0.1085 33.63 0.157156
  110 0.1095 33.0886 0.154626
  111 0.1105 32.6186 0.15243
  112 0.1115 32.3671 0.151255
  113 0.1125 31.7929 0.148571
  114 0.1135 31.3214 0.146368
  115 0.1145 30.7857 0.143864
  116 0.1155 29.9471 0.139946
  117 0.1165 29.5429 0.138056
  118 0.1175 29.04 0.135707
  119 0.1185 28.4043 0.132736
  120 0.1195 28.2929 0.132215
  121 0.1205 28.1029 0.131327
  122 0.1215 28.11 0.131361
  123 0.1225 27.9614 0.130666
  124 0.1235 27.9914 0.130806
  125 0.1245 28.25 0.132015
  126 0.1255 28.6229 0.133757
  127 0.1265 28.85 0.134819
  128 0.1275 29.5514 0.138096
  129 0.1285 30.6186 0.143083
  130 0.1295 31.46 0.147015
  131 0.1305 32.5957 0.152323
  132 0.1315 34.11 0.159399
  133 0.1325 35.4714 0.165761
  134 0.1335 37.4871 0.175181
  135 0.1345 39.2357 0.183352
  136 0.1355 41.5029 0.193947
  137 0.1365 43.0814 0.201323
  138 0.1375 46.2143 0.215964
  139 0.1385 48.1157 0.224849
  140 0.1395 50.3186 0.235143
  141 0.1405 52.6386 0.245985
  142 0.1415 54.3586 0.254022
  143 0.1425 56.7771 0.265325
  144 0.1435 58.3986 0.272902
  145 0.1445 61.2457 0.286207
  146 0.1455 62.4071 0.291634
  147 0.1465 63.8743 0.29849
  148 0.1475 65.67 0.306882
  149 0.1485 67.3914 0.314926
  150 0.1495 68.0657 0.318077
  151 0.1505 69.4057 0.324339
  152 0.1515 70.9057 0.331349
  153 0.1525 71.3357 0.333358
  154 0.1535 71.7771 0.335421
  155 0.1545 73.2029 0.342084
  156 0.1555 74.3057 0.347237
  157 0.1565 74.3043 0.347231
  158 0.1575 75.7457 0.353967
  159 0.1585 75.6971 0.35374
  160 0.1595 76.8243 0.359007
  161 0.1605 78.1771 0.365329
  162 0.1615 79.02 0.369268
  163 0.1625 79.8586 0.373186
  164 0.1635 81.8929 0.382693
  165 0.1645 82.76 0.386745
  166 0.1655 83.0371 0.38804
  167 0.1665 84.7743 0.396158
  168 0.1675 85.94 0.401605
  169 0.1685 87.3414 0.408154
  170 0.1695 90.2771 0.421873
  171 0.1705 91.6 0.428055
  172 0.1715 93.42 0.43656
  173 0.1725 95.4971 0.446267
  174 0.1735 97.5657 0.455933
  175 0.1745 100.066 0.467616
  176 0.1755 103.497 0.483651
  177 0.1765 105.049 0.490901
  178 0.1775 107.521 0.502457
  179 0.1785 109.996 0.51402
  180 0.1795 111.496 0.52103
  181 0.1805 114.671 0.53587
  182 0.1815 116.303 0.543494
  183 0.1825 119.466 0.558274
  184 0.1835 120.847 0.56473
  185 0.1845 122.551 0.572694
  186 0.1855 124.934 0.583829
  187 0.1865 126.44 0.590865
  188 0.1875 127.721 0.596854
  189 0.1885 129.946 0.607248
  190 0.1895 131.437 0.614218
  191 0.1905 131.664 0.615279
  192 0.1915 131.874 0.61626
  193 0.1925 133.16 0.622269
  194 0.1935 131.596 0.614959
  195 0.1945 131.541 0.614705
  196 0.1955 131.023 0.612282
  197 0.1965 128.799 0.601887
  198 0.1975 126.989 0.593429
  199 0.1985 126.191 0.589704
  200 0.1995 123.446 0.576873
  201 0.2005 122.08 0.570491
  202 0.2015 121.014 0.565511
  203 0.2025 120.5 0.563107
  204 0.2035 120.449 0.562867
  205 0.2045 121.711 0.568768
  206 0.2055 122.617 0.573001
  207 0.2065 123.371 0.576526
  208 0.2075 123.91 0.579043
  209 0.2085 124.497 0.581786
  210 0.2095 126.589 0.59156
  211 0.2105 127.374 0.595231
  212 0.2115 128.787 0.601834
  213 0.2125 132.113 0.617375
  214 0.2135 134.41 0.62811
  215 0.2145 138.21 0.645868
  216 0.2155 143.431 0.670268
  217 0.2165 149.846 0.700243
  218 0.2175 157.65 0.736713
  219 0.2185 166.607 0.77857
  220 0.2195 176.709 0.825775
  221 0.2205 186.517 0.871611
  222 0.2215 196.359 0.917601
  223 0.2225 205.317 0.959465
  224 0.2235 214.021 1.00014
  225 0.2245 221.793 1.03646
  226 0.2255 227.399 1.06265
  227 0.2265 232.247 1.08531
  228 0.2275 237.581 1.11024
  229 0.2285 239.644 1.11988
  230 0.2295 242.299 1.13228
  231 0.2305 242.574 1.13357
  232 0.2315 242.093 1.13132
  233 0.2325 242.03 1.13103
  234 0.2335 238.96 1.11668
  235 0.2345 228.501 1.06781
  236 0.2355 208.374 0.973752
  237 0.2365 177.601 0.829947
  238 0.2375 139.206 0.650521
  239 0.2385 100.729 0.470714
  240 0.2395 66.2443 0.309566
  241 0.2405 40.1086 0.187431
  242 0.2415 21.78 0.10178
  243 0.2425 11.5443 0.0539475
  244 0.2435 7.33286 0.0342671
  245 0.2445 6.98571 0.0326449
  246 0.2455 10.1643 0.0474986
  247 0.2465 15.9843 0.074696
  248 0.2475 25.3029 0.118243
  249 0.2485 36.1757 0.169052
  250 0.2495 47.3857 0.221438
  251 0.2505 55.8114 0.260812
  252 0.2515 59.8957 0.279898
  253 0.2525 58.19 0.271927
  254 0.2535 51.4086 0.240237
  255 0.2545 40.8143 0.190729
  256 0.2555 29.1514 0.136227
  257 0.2565 19.3414 0.0903842
  258 0.2575 11.2457 0.0525522
  259 0.2585 6.01714 0.0281186
  260 0.2595 3.01857 0.0141061
  261 0.2605 1.40714 0.00657571
  262 0.2615 0.577143 0.00269704
  263 0.2625 0.171429 0.000801101
  264 0.2635 0.0571429 0.000267034
  265 0.2645 0.02 9.34618e-05
  266 0.2655 0.00285714 1.33517e-05
  267 0.2665 0 0
  268 0.2675 0 0
  269 0.2685 0 0
  270 0.2695 0 0
  271 0.2705 0 0
  272 0.2715 0 0
  273 0.2725 0 0
  274 0.2735 0 0
  275 0.2745 0 0
  276 0.2755 0 0
  277 0.2765 0 0
  278 0.2775 0 0
  279 0.2785 0 0
  280 0.2795 0 0
  281 0.2805 0 0
  282 0.2815 0 0
  283 0.2825 0 0
  284 0.2835 0 0
  285 0.2845 0 0
  286 0.2855 0 0
  287 0.2865 0 0
  288 0.2875 0 0
  289 0.2885 0 0
  290 0.2895 0 0
  291 0.2905 0 0
  292 0.2915 0 0
  293 0.2925 0 0
  294 0.2935 0 0
  295 0.2945 0 0
  296 0.2955 0 0
  297 0.2965 0 0
  298 0.2975 0 0
  299 0.2985 0 0
  300 0.2995 0 0
  301 0.3005 0 0
  302 0.3015 0 0
  303 0.3025 0 0
  304 0.3035 0 0
  305 0.3045 0 0
  306 0.3055 0 0
  307 0.3065 0 0
  308 0.3075 0 0
  309 0.3085 0 0
  310 0.3095 0 0
  311 0.3105 0 0
  312 0.3115 0 0
  313 0.3125 0 0
  314 0.3135 0 0
  315 0.3145 0 0
  316 0.3155 0 0
  317 0.3165 0 0
  318 0.3175 0 0
  319 0.3185 0 0
  320 0.3195 0 0
  321 0.3205 0 0
  322 0.3215 0 0
  323 0.3225 0 0
  324 0.3235 0 0
  325 0.3245 0 0
  326 0.3255 0 0
  327 0.3265 0 0
  328 0.3275 0 0
  329 0.3285 0 0
  330 0.3295 0 0
  331 0.3305 0 0
  332 0.3315 0 0
  333 0.3325 0 0
  334 0.3335 0 0
  335 0.3345 0 0
  336 0.3355 0 0
  337 0.3365 0 0
  338 0.3375 0 0
  339 0.3385 0 0
  340 0.3395 0 0
  341 0.3405 0 0
  342 0.3415 0 0
  343 0.3425 0 0
  344 0.3435 0 0
  345 0.3445 0 0
  346 0.3455 0 0
  347 0.3465 0 0
  348 0.3475 0 0
  349 0.3485 0 0
  350 0.3495 0 0
  351 0.3505 0 0
  352 0.3515 0 0
  353 0.3525 0 0
  354 0.3535 0 0
  355 0.3545 0 0
  356 0.3555 0 0
  357 0.3565 0 0
  358 0.3575 0 0
  359 0.3585 0 0
  360 0.3595 0 0
  361 0.3605 0 0
  362 0.3615 0 0
  363 0.3625 0 0
  364 0.3635 0 0
  365 0.3645 0 0
  366 0.3655 0 0
  367 0.3665 0 0
  368 0.3675 0 0
  369 0.3685 0 0
  370 0.3695 0 0
  371 0.3705 0 0
  372 0.3715 0 0
  373 0.3725 0 0
  374 0.3735 0 0
  375 0.3745 0 0
  376 0.3755 0 0
  377 0.3765 0 0
  378 0.3775 0 0
  379 0.3785 0 0
  380 0.3795 0 0
  381 0.3805 0 0
  382 0.3815 0 0
  383 0.3825 0 0
  384 0.3835 0 0
  385 0.3845 0 0
  386 0.3855 0 0
  387 0.3865 0 0
  388 0.3875 0 0
  389 0.3885 0 0
  390 0.3895 0 0
  391 0.3905 0 0
  392 0.3915 0 0
  393 0.3925 0 0
  394 0.3935 0 0
  395 0.3945 0 0
  396 0.3955 0 0
  397 0.3965 0 0
  398 0.3975 0 0
  399 0.3985 0 0
  400 0.3995 0 0
  401 0.4005 0 0
  402 0.4015 0 0
  403 0.4025 0 0
  404 0.4035 0 0
  405 0.4045 0 0
  406 0.4055 0 0
  407 0.4065 0 0
  408 0.4075 0 0
  409 0.4085 0 0
  410 0.4095 0 0
  411 0.4105 0 0
  412 0.4115 0 0
  413 0.4125 0 0
  414 0.4135 0 0
  415 0.4145 0 0
  416 0.4155 0 0
  417 0.4165 0 0
  418 0.4175 0 0
  419 0.4185 0 0
  420 0.4195 0 0
  421 0.4205 0 0
  422 0.4215 0 0
  423 0.4225 0 0
  424 0.4235 0 0
  425 0.4245 0 0
  426 0.4255 0 0
  427 0.4265 0 0
  428 0.4275 0 0
  429 0.4285 0 0
  430 0.4295 0 0
  431 0.4305 0 0
  432 0.4315 0 0
  433 0.4325 0 0
  434 0.4335 0 0
  435 0.4345 0 0
  436 0.4355 0 0
  437 0.4365 0 0
  438 0.4375 0 0
  439 0.4385 0 0
  440 0.4395 0 0
  441 0.4405 0 0
  442 0.4415 0 0
  443 0.4425 0 0
  444 0.4435 0 0
  445 0.4445 0 0
  446 0.4455 0 0
  447 0.4465 0 0
  448 0.4475 0 0
  449 0.4485 0 0
  450 0.4495 0 0
  451 0.4505 0 0
  452 0.4515 0 0
  453 0.4525 0 0
  454 0.4535 0 0
  455 0.4545 0 0
  456 0.4555 0 0
  457 0.4565 0 0
  458 0.4575 0 0
  459 0.4585 0 0
  460 0.4595 0 0
  461 0.4605 0 0
  462 0.4615 0 0
  463 0.4625 0 0
  464 0.4635 0 0
  465 0.4645 0 0
  466 0.4655 0 0
  467 0.4665 0 0
  468 0.4675 0 0
  469 0.4685 0 0
  470 0.4695 0 0
  471 0.4705 0 0
  472 0.4715 0 0
  473 0.4725 0 0
  474 0.4735 0 0
  475 0.4745 0 0
  476 0.4755 0 0
  477 0.4765 0 0
  478 0.4775 0 0
  479 0.4785 0 0
  480 0.4795 0 0
  481 0.4805 0 0
  482 0.4815 0 0
  483 0.4825 0 0
  484 0.4835 0 0
  485 0.4845 0 0
  486 0.4855 0 0
  487 0.4865 0 0
  488 0.4875 0 0
  489 0.4885 0 0
  490 0.4895 0 0
  491 0.4905 0 0
  492 0.4915 0 0
  493 0.4925 0 0
  494 0.4935 0 0
  495 0.4945 0 0
  496 0.4955 0 0
  497 0.4965 0 0
  498 0.4975 0 0
  499 0.4985 0 0
  500 0.4995 0 0
  501 0.5005 0 0
  502 0.5015 0 0
  503 0.5025 0 0
  504 0.5035 0 0
  505 0.5045 0 0
  506 0.5055 0 0
  507 0.5065 0 0
  508 0.5075 0 0
  509 0.5085 0 0
  510 0.5095 0 0
  511 0.5105 0 0
  512 0.5115 0 0
  513 0.5125 0 0
  514 0.5135 0 0
  515 0.5145 0 0
  516 0.5155 0 0
  517 0.5165 0 0
  518 0.5175 0 0
  519 0.5185 0 0
  520 0.5195 0 0
  521 0.5205 0 0
  522 0.5215 0 0
  523 0.5225 0 0
  524 0.5235 0 0
  525 0.5245 0 0
  526 0.5255 0 0
  527 0.5265 0 0
  528 0.5275 0 0
  529 0.5285 0 0
  530 0.5295 0 0
  531 0.5305 0 0
  532 0.5315 0 0
  533 0.5325 0 0
  534 0.5335 0 0
  535 0.5345 0 0
  536 0.5355 0 0
  537 0.5365 0 0
  538 0.5375 0 0
  539 0.5385 0 0
  540 0.5395 0 0
  541 0.5405 0 0
  542 0.5415 0 0
  543 0.5425 0 0
  544 0.5435 0 0
  545 0.5445 0 0
  546 0.5455 0 0
  547 0.5465 0 0
  548 0.5475 0 0
  549 0.5485 0 0
  550 0.5495 0 0
  551 0.5505 0 0
  552 0.5515 0 0
  553 0.5525 0 0
  554 0.5535 0 0
  555 0.5545 0 0
  556 0.5555 0 0
  557 0.5565 0 0
  558 0.5575 0 0
  559 0.5585 0 0
  560 0.5595 0 0
  561 0.5605 0 0
  562 0.5615 0 0
  563 0.5625 0 0
  564 0.5635 0 0
  565 0.5645 0 0
  566 0.5655 0 0
  567 0.5665 0 0
  568 0.5675 0 0
  569 0.5685 0 0
  570 0.5695 0 0
  571 0.5705 0 0
  572 0.5715 0 0
  573 0.5725 0 0
  574 0.5735 0 0
  575 0.5745 0 0
  576 0.5755 0 0
  577 0.5765 0 0
  578 0.5775 0 0
  579 0.5785 0 0
  580 0.5795 0 0
  581 0.5805 0 0
  582 0.5815 0 0
  583 0.5825 0 0
  584 0.5835 0 0
  585 0.5845 0 0
  586 0.5855 0 0
  587 0.5865 0 0
  588 0.5875 0 0
  589 0.5885 0 0
  590 0.5895 0 0
  591 0.5905 0 0
  592 0.5915 0 0
  593 0.5925 0 0
  594 0.5935 0 0
  595 0.5945 0 0
  596 0.5955 0 0
  597 0.5965 0 0
  598 0.5975 0 0
  599 0.5985 0 0
  600 0.5995 0 0
  601 0.6005 0 0
  602 0.6015 0 0
  603 0.6025 0 0
  604 0.6035 0 0
  605 0.6045 0 0
  606 0.6055 0 0
  607 0.6065 0 0
  608 0.6075 0 0
  609 0.6085 0 0
  610 0.6095 0 0
  611 0.6105 0 0
  612 0.6115 0 0
  613 0.6125 0 0
  614 0.6135 0 0
  615 0.6145 0 0
  616 0.6155 0 0
  617 0.6165 0 0
  618 0.6175 0 0
  619 0.6185 0 0
  620 0.6195 0 0
  621 0.6205 0 0
  622 0.6215 0 0
  623 0.6225 0 0
  624 0.6235 0 0
  625 0.6245 0 0
  626 0.6255 0 0
  627 0.6265 0 0
  628 0.6275 0 0
  629 0.6285 0 0
  630 0.6295 0 0
  631 0.6305 0 0
  632 0.6315 0 0
  633 0.6325 0 0
  634 0.6335 0 0
  635 0.6345 0 0
  636 0.6355 0 0
  637 0.6365 0 0
  638 0.6375 0 0
  639 0.6385 0 0
  640 0.6395 0 0
  641 0.6405 0 0
  642 0.6415 0 0
  643 0.6425 0 0
  644 0.6435 0 0
  645 0.6445 0 0
  646 0.6455 0 0
  647 0.6465 0 0
  648 0.6475 0 0
  649 0.6485 0 0
  650 0.6495 0 0
  651 0.6505 0 0
  652 0.6515 0 0
  653 0.6525 0 0
  654 0.6535 0 0
  655 0.6545 0 0
  656 0.6555 0 0
  657 0.6565 0 0
  658 0.6575 0 0
  659 0.6585 0 0
  660 0.6595 0 0
  661 0.6605 0 0
  662 0.6615 0 0
  663 0.6625 0 0
  664 0.6635 0 0
  665 0.6645 0 0
  666 0.6655 0 0
  667 0.6665 0 0
  668 0.6675 0 0
  669 0.6685 0 0
  670 0.6695 0 0
  671 0.6705 0 0
  672 0.6715 0 0
  673 0.6725 0 0
  674 0.6735 0 0
  675 0.6745 0 0
  676 0.6755 0 0
  677 0.6765 0 0
  678 0.6775 0 0
  679 0.6785 0 0
  680 0.6795 0 0
  681 0.6805 0 0
  682 0.6815 0 0
  683 0.6825 0 0
  684 0.6835 0 0
  685 0.6845 0 0
  686 0.6855 0 0
  687 0.6865 0 0
  688 0.6875 0 0
  689 0.6885 0 0
  690 0.6895 0 0
  691 0.6905 0 0
  692 0.6915 0 0
  693 0.6925 0 0
  694 0.6935 0 0
  695 0.6945 0 0
  696 0.6955 0 0
  697 0.6965 0 0
  698 0.6975 0 0
  699 0.6985 0 0
  700 0.6995 0 0
  701 0.7005 0 0
  702 0.7015 0 0
  703 0.7025 0 0
  704 0.7035 0 0
  705 0.7045 0 0
  706 0.7055 0 0
  707 0.7065 0 0
  708 0.7075 0 0
  709 0.7085 0 0
  710 0.7095 0 0
  711 0.7105 0 0
  712 0.7115 0 0
  713 0.7125 0 0
  714 0.7135 0 0
  715 0.7145 0 0
  716 0.7155 0 0
  717 0.7165 0 0
  718 0.7175 0 0
  719 0.7185 0 0
  720 0.7195 0 0
  721 0.7205 0 0
  722 0.7215 0 0
  723 0.7225 0 0
  724 0.7235 0 0
  725 0.7245 0 0
  726 0.7255 0 0
  727 0.7265 0 0
  728 0.7275 0 0
  729 0.7285 0 0
  730 0.7295 0 0
  731 0.7305 0 0
  732 0.7315 0 0
  733 0.7325 0 0
  734 0.7335 0 0
  735 0.7345 0 0
  736 0.7355 0 0
  737 0.7365 0 0
  738 0.7375 0 0
  739 0.7385 0 0
  740 0.7395 0 0
  741 0.7405 0 0
  742 0.7415 0 0
  743 0.7425 0 0
  744 0.7435 0 0
  745 0.7445 0 0
  746 0.7455 0 0
  747 0.7465 0 0
  748 0.7475 0 0
  749 0.7485 0 0
  750 0.7495 0 0
  751 0.7505 0 0
  752 0.7515 0 0
  753 0.7525 0 0
  754 0.7535 0 0
  755 0.7545 0 0
  756 0.7555 0 0
  757 0.7565 0 0
  758 0.7575 0 0
  759 0.7585 0 0
  760 0.7595 0 0
  761 0.7605 0 0
  762 0.7615 0 0
  763 0.7625 0 0
  764 0.7635 0 0
  765 0.7645 0 0
  766 0.7655 0 0
  767 0.7665 0 0
  768 0.7675 0 0
  769 0.7685 0 0
  770 0.7695 0 0
  771 0.7705 0 0
  772 0.7715 0 0
  773 0.7725 0 0
  774 0.7735 0 0
  775 0.7745 0 0
  776 0.7755 0 0
  777 0.7765 0 0
  778 0.7775 0 0
  779 0.7785 0 0
  780 0.7795 0 0
  781 0.7805 0 0
  782 0.7815 0 0
  783 0.7825 0 0
  784 0.7835 0 0
  785 0.7845 0 0
  786 0.7855 0 0
  787 0.7865 0 0
  788 0.7875 0 0
  789 0.7885 0 0
  790 0.7895 0 0
  791 0.7905 0 0
  792 0.7915 0 0
  793 0.7925 0 0
  794 0.7935 0 0
  795 0.7945 0 0
  796 0.7955 0 0
  797 0.7965 0 0
  798 0.7975 0 0
  799 0.7985 0 0
  800 0.7995 0 0
  801 0.8005 0 0
  802 0.8015 0 0
  803 0.8025 0 0
  804 0.8035 0 0
  805 0.8045 0 0
  806 0.8055 0 0
  807 0.8065 0 0
  808 0.8075 0 0
  809 0.8085 0 0
  810 0.8095 0 0
  811 0.8105 0 0
  812 0.8115 0 0
  813 0.8125 0 0
  814 0.8135 0 0
  815 0.8145 0 0
  816 0.8155 0 0
  817 0.8165 0 0
  818 0.8175 0 0
  819 0.8185 0 0
  820 0.8195 0 0
  821 0.8205 0 0
  822 0.8215 0 0
  823 0.8225 0 0
  824 0.8235 0 0
  825 0.8245 0 0
  826 0.8255 0 0
  827 0.8265 0 0
  828 0.8275 0 0
  829 0.8285 0 0
  830 0.8295 0 0
  831 0.8305 0 0
  832 0.8315 0 0
  833 0.8325 0 0
  834 0.8335 0 0
  835 0.8345 0 0
  836 0.8355 0 0
  837 0.8365 0 0
  838 0.8375 0 0
  839 0.8385 0 0
  840 0.8395 0 0
  841 0.8405 0 0
  842 0.8415 0 0
  843 0.8425 0 0
  844 0.8435 0 0
  845 0.8445 0 0
  846 0.8455 0 0
  847 0.8465 0 0
  848 0.8475 0 0
  849 0.8485 0 0
  850 0.8495 0 0
  851 0.8505 0 0
  852 0.8515 0 0
  853 0.8525 0 0
  854 0.8535 0 0
  855 0.8545 0 0
  856 0.8555 0 0
  857 0.8565 0 0
  858 0.8575 0 0
  859 0.8585 0 0
  860 0.8595 0 0
  861 0.8605 0 0
  862 0.8615 0 0
  863 0.8625 0 0
  864 0.8635 0 0
  865 0.8645 0 0
  866 0.8655 0 0
  867 0.8665 0 0
  868 0.8675 0 0
  869 0.8685 0 0
  870 0.8695 0 0
  871 0.8705 0 0
  872 0.8715 0 0
  873 0.8725 0 0
  874 0.8735 0 0
  875 0.8745 0 0
  876 0.8755 0 0
  877 0.8765 0 0
  878 0.8775 0 0
  879 0.8785 0 0
  880 0.8795 0 0
  881 0.8805 0 0
  882 0.8815 0 0
  883 0.8825 0 0
  884 0.8835 0 0
  885 0.8845 0 0
  886 0.8855 0 0
  887 0.8865 0 0
  888 0.8875 0 0
  889 0.8885 0 0
  890 0.8895 0 0
  891 0.8905 0 0
  892 0.8915 0 0
  893 0.8925 0 0
  894 0.8935 0 0
  895 0.8945 0 0
  896 0.8955 0 0
  897 0.8965 0 0
  898 0.8975 0 0
  899 0.8985 0 0
  900 0.8995 0 0
  901 0.9005 0 0
  902 0.9015 0 0
  903 0.9025 0 0
  904 0.9035 0 0
  905 0.9045 0 0
  906 0.9055 0 0
  907 0.9065 0 0
  908 0.9075 0 0
  909 0.9085 0 0
  910 0.9095 0 0
  911 0.9105 0 0
  912 0.9115 0 0
  913 0.9125 0 0
  914 0.9135 0 0
  915 0.9145 0 0
  916 0.9155 0 0
  917 0.9165 0 0
  918 0.9175 0 0
  919 0.9185 0 0
  920 0.9195 0 0
  921 0.9205 0 0
  922 0.9215 0 0
  923 0.9225 0 0
  924 0.9235 0 0
  925 0.9245 0 0
  926 0.9255 0 0
  927 0.9265 0 0
  928 0.9275 0 0
  929 0.9285 0 0
  930 0.9295 0 0
  931 0.9305 0 0
  932 0.9315 0 0
  933 0.9325 0 0
  934 0.9335 0 0
  935 0.9345 0 0
  936 0.9355 0 0
  937 0.9365 0 0
  938 0.9375 0 0
  939 0.9385 0 0
  940 0.9395 0 0
  941 0.9405 0 0
  942 0.9415 0 0
  943 0.9425 0 0
  944 0.9435 0 0
  945 0.9445 0 0
  946 0.9455 0 0
  947 0.9465 0 0
  948 0.9475 0 0
  949 0.9485 0 0
  950 0.9495 0 0
  951 0.9505 0 0
  952 0.9515 0 0
  953 0.9525 0 0
  954 0.9535 0 0
  955 0.9545 0 0
  956 0.9555 0 0
  957 0.9565 0 0
  958 0.9575 0 0
  959 0.9585 0 0
  960 0.9595 0 0
  961 0.9605 0 0
  962 0.9615 0 0
  963 0.9625 0 0
  964 0.9635 0 0
  965 0.9645 0 0
  966 0.9655 0 0
  967 0.9665 0 0
  968 0.9675 0 0
  969 0.9685 0 0
  970 0.9695 0 0
  971 0.9705 0 0
  972 0.9715 0 0
  973 0.9725 0 0
  974 0.9735 0 0
  975 0.9745 0 0
  976 0.9755 0 0
  977 0.9765 0 0
  978 0.9775 0 0
  979 0.9785 0 0
  980 0.9795 0 0
  981 0.9805 0 0
  982 0.9815 0 0
  983 0.9825 0 0
  984 0.9835 0 0
  985 0.9845 0 0
  986 0.9855 0 0
  987 0.9865 0 0
  988 0.9875 0 0
  989 0.9885 0 0
  990 0.9895 0 0
  991 0.9905 0 0
  992 0.9915 0 0
  993 0.9925 0 0
  994 0.9935 0 0
  995 0.9945 0 0
  996 0.9955 0 0
  997 0.9965 0 0
  998 0.9975 0 0
  999 0.9985 0 0
  1000 0.9995 0 0
