# Chunk-averaged data for fix abeads_sdz and group file
# Timestep Number-of-chunks Total-count
# Chunk Coord1 Ncount density/number
16000 1000 3600
  1 0.0172049 0 0
  2 0.0516148 0 0
  3 0.0860247 0 0
  4 0.120435 0 0
  5 0.154845 0 0
  6 0.189254 0 0
  7 0.223664 0 0
  8 0.258074 0 0
  9 0.292484 0 0
  10 0.326894 0 0
  11 0.361304 0 0
  12 0.395714 0 0
  13 0.430124 0 0
  14 0.464534 0 0
  15 0.498943 0 0
  16 0.533353 0 0
  17 0.567763 0 0
  18 0.602173 0 0
  19 0.636583 0 0
  20 0.670993 0 0
  21 0.705403 0 0
  22 0.739813 0 0
  23 0.774223 0 0
  24 0.808633 0 0
  25 0.843042 0 0
  26 0.877452 0 0
  27 0.911862 0 0
  28 0.946272 0 0
  29 0.980682 0 0
  30 1.01509 0 0
  31 1.0495 0 0
  32 1.08391 0 0
  33 1.11832 0 0
  34 1.15273 0 0
  35 1.18714 0 0
  36 1.22155 0 0
  37 1.25596 0 0
  38 1.29037 0 0
  39 1.32478 0 0
  40 1.35919 0 0
  41 1.3936 0 0
  42 1.42801 0 0
  43 1.46242 0 0
  44 1.49683 0 0
  45 1.53124 0 0
  46 1.56565 0 0
  47 1.60006 0 0
  48 1.63447 0 0
  49 1.66888 0 0
  50 1.70329 0 0
  51 1.7377 0 0
  52 1.77211 0 0
  53 1.80652 0 0
  54 1.84093 0 0
  55 1.87534 0 0
  56 1.90975 0 0
  57 1.94416 0 0
  58 1.97857 0 0
  59 2.01298 0 0
  60 2.04739 0 0
  61 2.0818 0 0
  62 2.11621 0 0
  63 2.15062 0 0
  64 2.18503 0 0
  65 2.21944 0 0
  66 2.25385 0 0
  67 2.28826 0 0
  68 2.32267 0 0
  69 2.35708 0.025 0.000807261
  70 2.39149 0.05 0.00161452
  71 2.4259 0.05 0.00161452
  72 2.46031 0.125 0.00403631
  73 2.49472 0.35 0.0113017
  74 2.52913 0.4 0.0129162
  75 2.56354 0.55 0.0177597
  76 2.59795 0.9 0.0290614
  77 2.63236 1.5 0.0484357
  78 2.66677 1.9 0.0613519
  79 2.70118 2.75 0.0887987
  80 2.73559 4.325 0.139656
  81 2.77 4.6 0.148536
  82 2.80441 5.5 0.177597
  83 2.83882 5.625 0.181634
  84 2.87323 6.55 0.211502
  85 2.90764 5.925 0.191321
  86 2.94205 5.65 0.182441
  87 2.97646 4.75 0.15338
  88 3.01087 3.3 0.106558
  89 3.04528 2.6 0.0839552
  90 3.07969 2.45 0.0791116
  91 3.1141 3.4 0.109788
  92 3.14851 4.2 0.13562
  93 3.18292 6 0.193743
  94 3.21733 8.675 0.28012
  95 3.25174 12.775 0.412511
  96 3.28614 14.425 0.46579
  97 3.32055 16.5 0.532792
  98 3.35496 18.6 0.600602
  99 3.38937 19.575 0.632086
  100 3.42378 18.85 0.608675
  101 3.45819 17.85 0.576385
  102 3.4926 16.55 0.534407
  103 3.52701 14.65 0.473055
  104 3.56142 13.65 0.440765
  105 3.59583 13.95 0.450452
  106 3.63024 12.575 0.406052
  107 3.66465 13.625 0.439957
  108 3.69906 13.025 0.420583
  109 3.73347 14.225 0.459332
  110 3.76788 13.3 0.429463
  111 3.80229 14.6 0.471441
  112 3.8367 13.55 0.437536
  113 3.87111 13.4 0.432692
  114 3.90552 13.925 0.449645
  115 3.93993 13.4 0.432692
  116 3.97434 12.725 0.410896
  117 4.00875 13.3 0.429463
  118 4.04316 12.75 0.411703
  119 4.07757 13.65 0.440765
  120 4.11198 13.575 0.438343
  121 4.14639 12.8 0.413318
  122 4.1808 14 0.452066
  123 4.21521 13.675 0.441572
  124 4.24962 14.65 0.473055
  125 4.28403 14.65 0.473055
  126 4.31844 14.675 0.473862
  127 4.35285 16.15 0.521491
  128 4.38726 16.5 0.532792
  129 4.42167 14.275 0.460946
  130 4.45608 16.625 0.536829
  131 4.49049 15.8 0.510189
  132 4.5249 16.45 0.531178
  133 4.55931 14.8 0.477899
  134 4.59372 13.625 0.439957
  135 4.62813 14.9 0.481128
  136 4.66254 14.1 0.455295
  137 4.69695 13.475 0.435114
  138 4.73136 14.025 0.452874
  139 4.76577 13.425 0.433499
  140 4.80018 13.2 0.426234
  141 4.83459 14.75 0.476284
  142 4.869 13.775 0.444801
  143 4.90341 15.075 0.486779
  144 4.93782 13.475 0.435114
  145 4.97223 13.875 0.44803
  146 5.00664 13.725 0.443186
  147 5.04105 13.275 0.428656
  148 5.07546 13.175 0.425427
  149 5.10987 13.8 0.445608
  150 5.14428 14.375 0.464175
  151 5.17869 14.575 0.470633
  152 5.2131 14.85 0.479513
  153 5.24751 14.5 0.468212
  154 5.28192 13.3 0.429463
  155 5.31633 14.9 0.481128
  156 5.35074 16.325 0.527142
  157 5.38515 15.15 0.4892
  158 5.41956 16.2 0.523105
  159 5.45397 16.875 0.544901
  160 5.48838 16.175 0.522298
  161 5.52279 16.875 0.544901
  162 5.5572 15.575 0.502924
  163 5.59161 14.575 0.470633
  164 5.62602 14.3 0.461753
  165 5.66043 13.675 0.441572
  166 5.69484 12.75 0.411703
  167 5.72925 14.325 0.462561
  168 5.76366 13.3 0.429463
  169 5.79807 12.9 0.416547
  170 5.83248 14.825 0.478706
  171 5.86689 12.625 0.407667
  172 5.9013 13.5 0.435921
  173 5.93571 14.55 0.469826
  174 5.97012 13.375 0.431885
  175 6.00453 13.575 0.438343
  176 6.03894 14.75 0.476284
  177 6.07335 13.425 0.433499
  178 6.10776 13.2 0.426234
  179 6.14217 12.95 0.418161
  180 6.17658 12.55 0.405245
  181 6.21099 11.65 0.376184
  182 6.2454 11.025 0.356002
  183 6.27981 11.575 0.373762
  184 6.31422 12.35 0.398787
  185 6.34863 11.525 0.372147
  186 6.38304 11.525 0.372147
  187 6.41745 11.275 0.364075
  188 6.45186 11.525 0.372147
  189 6.48627 10.55 0.340664
  190 6.52067 12.025 0.388293
  191 6.55508 12.4 0.400402
  192 6.58949 11.675 0.376991
  193 6.6239 11.35 0.366497
  194 6.65831 12.3 0.397173
  195 6.69272 12.625 0.407667
  196 6.72713 11.15 0.360039
  197 6.76154 12.4 0.400402
  198 6.79595 11.175 0.360846
  199 6.83036 12.25 0.395558
  200 6.86477 11.775 0.38022
  201 6.89918 11.3 0.364882
  202 6.93359 11.625 0.375377
  203 6.968 11.175 0.360846
  204 7.00241 10.475 0.338243
  205 7.03682 10.925 0.352773
  206 7.07123 11.9 0.384256
  207 7.10564 11.35 0.366497
  208 7.14005 11.65 0.376184
  209 7.17446 10.5 0.33905
  210 7.20887 11.05 0.35681
  211 7.24328 11.25 0.363268
  212 7.27769 10.825 0.349544
  213 7.3121 10.7 0.345508
  214 7.34651 10.6 0.342279
  215 7.38092 10.425 0.336628
  216 7.41533 10.9 0.351966
  217 7.44974 11.25 0.363268
  218 7.48415 11.375 0.367304
  219 7.51856 10.725 0.346315
  220 7.55297 9.9 0.319675
  221 7.58738 9.875 0.318868
  222 7.62179 10.125 0.326941
  223 7.6562 11.5 0.37134
  224 7.69061 10.9 0.351966
  225 7.72502 10.575 0.341472
  226 7.75943 11.55 0.372955
  227 7.79384 10.3 0.332592
  228 7.82825 10.75 0.347122
  229 7.86266 10.025 0.323712
  230 7.89707 10 0.322905
  231 7.93148 10.2 0.329363
  232 7.96589 11.475 0.370533
  233 8.0003 10.55 0.340664
  234 8.03471 10.225 0.33017
  235 8.06912 11.075 0.357617
  236 8.10353 11.525 0.372147
  237 8.13794 10.65 0.343893
  238 8.17235 11.2 0.361653
  239 8.20676 9.95 0.32129
  240 8.24117 9.725 0.314025
  241 8.27558 9.75 0.314832
  242 8.30999 9.4 0.30353
  243 8.3444 9.55 0.308374
  244 8.37881 9.375 0.302723
  245 8.41322 9.425 0.304338
  246 8.44763 9.925 0.320483
  247 8.48204 9.35 0.301916
  248 8.51645 9.225 0.297879
  249 8.55086 9.2 0.297072
  250 8.58527 8.5 0.274469
  251 8.61968 9.35 0.301916
  252 8.65409 9.45 0.305145
  253 8.6885 9.325 0.301108
  254 8.72291 9.1 0.293843
  255 8.75732 8.45 0.272854
  256 8.79173 9.125 0.29465
  257 8.82614 9.1 0.293843
  258 8.86055 9.375 0.302723
  259 8.89496 10.05 0.324519
  260 8.92937 9.6 0.309988
  261 8.96378 8.8 0.284156
  262 8.99819 9.15 0.295458
  263 9.0326 9.15 0.295458
  264 9.06701 9.2 0.297072
  265 9.10142 9.775 0.315639
  266 9.13583 9.55 0.308374
  267 9.17024 9.325 0.301108
  268 9.20465 9.725 0.314025
  269 9.23906 9.375 0.302723
  270 9.27347 8.925 0.288192
  271 9.30788 8.725 0.281734
  272 9.34229 9.2 0.297072
  273 9.3767 8.1 0.261553
  274 9.41111 8.4 0.27124
  275 9.44552 8.575 0.276891
  276 9.47993 7.925 0.255902
  277 9.51434 8.55 0.276083
  278 9.54875 8.25 0.266396
  279 9.58316 8.3 0.268011
  280 9.61757 7.65 0.247022
  281 9.65198 8.15 0.263167
  282 9.68639 8.35 0.269625
  283 9.7208 8.75 0.282541
  284 9.75521 8.55 0.276083
  285 9.78961 7.925 0.255902
  286 9.82402 8.525 0.275276
  287 9.85843 8.25 0.266396
  288 9.89284 7.825 0.252673
  289 9.92725 8.375 0.270433
  290 9.96166 8.225 0.265589
  291 9.99607 8.15 0.263167
  292 10.0305 8.5 0.274469
  293 10.0649 8.85 0.285771
  294 10.0993 7.575 0.2446
  295 10.1337 7.8 0.251866
  296 10.1681 8.2 0.264782
  297 10.2025 7.925 0.255902
  298 10.2369 8.65 0.279312
  299 10.2714 8.075 0.260745
  300 10.3058 8.925 0.288192
  301 10.3402 8.15 0.263167
  302 10.3746 7.65 0.247022
  303 10.409 7.65 0.247022
  304 10.4434 7.575 0.2446
  305 10.4778 7.85 0.25348
  306 10.5122 7.975 0.257516
  307 10.5466 7.475 0.241371
  308 10.581 7.7 0.248636
  309 10.6155 7.725 0.249444
  310 10.6499 8.325 0.268818
  311 10.6843 8.275 0.267204
  312 10.7187 8.025 0.259131
  313 10.7531 7.7 0.248636
  314 10.7875 7.7 0.248636
  315 10.8219 8.025 0.259131
  316 10.8563 7.35 0.237335
  317 10.8907 7.1 0.229262
  318 10.9251 8.5 0.274469
  319 10.9596 7.825 0.252673
  320 10.994 7.925 0.255902
  321 11.0284 7.6 0.245407
  322 11.0628 7.775 0.251058
  323 11.0972 7.75 0.250251
  324 11.1316 7.925 0.255902
  325 11.166 8.275 0.267204
  326 11.2004 8.65 0.279312
  327 11.2348 8.35 0.269625
  328 11.2692 7.275 0.234913
  329 11.3037 8.975 0.289807
  330 11.3381 7.45 0.240564
  331 11.3725 8.125 0.26236
  332 11.4069 7.775 0.251058
  333 11.4413 8.9 0.287385
  334 11.4757 7.925 0.255902
  335 11.5101 8.2 0.264782
  336 11.5445 7.625 0.246215
  337 11.5789 8.325 0.268818
  338 11.6133 7.025 0.22684
  339 11.6477 7.225 0.233299
  340 11.6822 7.625 0.246215
  341 11.7166 7.6 0.245407
  342 11.751 7.35 0.237335
  343 11.7854 8.3 0.268011
  344 11.8198 8.475 0.273662
  345 11.8542 8.125 0.26236
  346 11.8886 8.025 0.259131
  347 11.923 8.075 0.260745
  348 11.9574 8.6 0.277698
  349 11.9918 8.425 0.272047
  350 12.0263 7.675 0.247829
  351 12.0607 8.275 0.267204
  352 12.0951 8.675 0.28012
  353 12.1295 8.8 0.284156
  354 12.1639 7.975 0.257516
  355 12.1983 7.9 0.255095
  356 12.2327 7.025 0.22684
  357 12.2671 6.825 0.220382
  358 12.3015 7.75 0.250251
  359 12.3359 7.6 0.245407
  360 12.3704 8.525 0.275276
  361 12.4048 8.85 0.285771
  362 12.4392 8.325 0.268818
  363 12.4736 7.4 0.238949
  364 12.508 8.175 0.263974
  365 12.5424 8.25 0.266396
  366 12.5768 8.225 0.265589
  367 12.6112 8.025 0.259131
  368 12.6456 8.375 0.270433
  369 12.68 7.15 0.230877
  370 12.7145 7.025 0.22684
  371 12.7489 7.125 0.230069
  372 12.7833 7.975 0.257516
  373 12.8177 7.575 0.2446
  374 12.8521 8.15 0.263167
  375 12.8865 7.3 0.23572
  376 12.9209 7.575 0.2446
  377 12.9553 7.25 0.234106
  378 12.9897 8 0.258324
  379 13.0241 7.675 0.247829
  380 13.0586 7.325 0.236528
  381 13.093 8.225 0.265589
  382 13.1274 8.625 0.278505
  383 13.1618 7.75 0.250251
  384 13.1962 7.55 0.243793
  385 13.2306 7.525 0.242986
  386 13.265 8.05 0.259938
  387 13.2994 7.4 0.238949
  388 13.3338 7.375 0.238142
  389 13.3682 7.875 0.254287
  390 13.4027 7.55 0.243793
  391 13.4371 7.925 0.255902
  392 13.4715 8.45 0.272854
  393 13.5059 7.675 0.247829
  394 13.5403 8.05 0.259938
  395 13.5747 7.775 0.251058
  396 13.6091 7.65 0.247022
  397 13.6435 7.7 0.248636
  398 13.6779 7.6 0.245407
  399 13.7123 8.05 0.259938
  400 13.7468 7.375 0.238142
  401 13.7812 7.45 0.240564
  402 13.8156 7.15 0.230877
  403 13.85 7.15 0.230877
  404 13.8844 6.2 0.200201
  405 13.9188 7.1 0.229262
  406 13.9532 7.2 0.232491
  407 13.9876 6.15 0.198586
  408 14.022 7.375 0.238142
  409 14.0564 7.575 0.2446
  410 14.0909 7.65 0.247022
  411 14.1253 6.75 0.217961
  412 14.1597 6.9 0.222804
  413 14.1941 6.25 0.201815
  414 14.2285 6.35 0.205044
  415 14.2629 6.775 0.218768
  416 14.2973 7.025 0.22684
  417 14.3317 6.55 0.211502
  418 14.3661 6.4 0.206659
  419 14.4005 6.325 0.204237
  420 14.435 7.025 0.22684
  421 14.4694 6.5 0.209888
  422 14.5038 6.675 0.215539
  423 14.5382 6.025 0.19455
  424 14.5726 6.3 0.20343
  425 14.607 6.35 0.205044
  426 14.6414 6.65 0.214732
  427 14.6758 6 0.193743
  428 14.7102 6.3 0.20343
  429 14.7446 6 0.193743
  430 14.779 6.225 0.201008
  431 14.8135 5.3 0.171139
  432 14.8479 5.375 0.173561
  433 14.8823 5.25 0.169525
  434 14.9167 5.6 0.180827
  435 14.9511 5.15 0.166296
  436 14.9855 5.65 0.182441
  437 15.0199 5.2 0.16791
  438 15.0543 4.775 0.154187
  439 15.0887 4.8 0.154994
  440 15.1231 4.575 0.147729
  441 15.1576 4 0.129162
  442 15.192 3.8 0.122704
  443 15.2264 3.825 0.123511
  444 15.2608 3.8 0.122704
  445 15.2952 3.35 0.108173
  446 15.3296 2.175 0.0702317
  447 15.364 2.175 0.0702317
  448 15.3984 1.775 0.0573156
  449 15.4328 2.075 0.0670027
  450 15.4672 1.5 0.0484357
  451 15.5017 1.6 0.0516647
  452 15.5361 0.775 0.0250251
  453 15.5705 1.075 0.0347122
  454 15.6049 0.625 0.0201815
  455 15.6393 0.75 0.0242178
  456 15.6737 0.875 0.0282541
  457 15.7081 0.85 0.0274469
  458 15.7425 1.275 0.0411703
  459 15.7769 1.15 0.037134
  460 15.8113 0.9 0.0290614
  461 15.8458 0.775 0.0250251
  462 15.8802 1.025 0.0330977
  463 15.9146 0.675 0.0217961
  464 15.949 0.65 0.0209888
  465 15.9834 0.525 0.0169525
  466 16.0178 0.325 0.0104944
  467 16.0522 0.35 0.0113017
  468 16.0866 0.125 0.00403631
  469 16.121 0.05 0.00161452
  470 16.1554 0.05 0.00161452
  471 16.1899 0.025 0.000807261
  472 16.2243 0.05 0.00161452
  473 16.2587 0.025 0.000807261
  474 16.2931 0 0
  475 16.3275 0 0
  476 16.3619 0 0
  477 16.3963 0 0
  478 16.4307 0 0
  479 16.4651 0 0
  480 16.4995 0 0
  481 16.534 0 0
  482 16.5684 0 0
  483 16.6028 0 0
  484 16.6372 0 0
  485 16.6716 0 0
  486 16.706 0 0
  487 16.7404 0 0
  488 16.7748 0 0
  489 16.8092 0 0
  490 16.8436 0 0
  491 16.8781 0 0
  492 16.9125 0 0
  493 16.9469 0 0
  494 16.9813 0 0
  495 17.0157 0 0
  496 17.0501 0 0
  497 17.0845 0 0
  498 17.1189 0 0
  499 17.1533 0 0
  500 17.1877 0 0
  501 17.2222 0 0
  502 17.2566 0 0
  503 17.291 0 0
  504 17.3254 0 0
  505 17.3598 0 0
  506 17.3942 0 0
  507 17.4286 0 0
  508 17.463 0 0
  509 17.4974 0 0
  510 17.5318 0 0
  511 17.5663 0 0
  512 17.6007 0 0
  513 17.6351 0 0
  514 17.6695 0 0
  515 17.7039 0 0
  516 17.7383 0 0
  517 17.7727 0 0
  518 17.8071 0 0
  519 17.8415 0 0
  520 17.8759 0 0
  521 17.9103 0 0
  522 17.9448 0 0
  523 17.9792 0 0
  524 18.0136 0 0
  525 18.048 0 0
  526 18.0824 0 0
  527 18.1168 0 0
  528 18.1512 0 0
  529 18.1856 0 0
  530 18.22 0 0
  531 18.2544 0 0
  532 18.2889 0 0
  533 18.3233 0 0
  534 18.3577 0 0
  535 18.3921 0 0
  536 18.4265 0 0
  537 18.4609 0 0
  538 18.4953 0 0
  539 18.5297 0 0
  540 18.5641 0 0
  541 18.5985 0 0
  542 18.633 0 0
  543 18.6674 0 0
  544 18.7018 0 0
  545 18.7362 0 0
  546 18.7706 0 0
  547 18.805 0 0
  548 18.8394 0 0
  549 18.8738 0 0
  550 18.9082 0 0
  551 18.9426 0 0
  552 18.9771 0 0
  553 19.0115 0 0
  554 19.0459 0 0
  555 19.0803 0 0
  556 19.1147 0 0
  557 19.1491 0 0
  558 19.1835 0 0
  559 19.2179 0 0
  560 19.2523 0 0
  561 19.2867 0 0
  562 19.3212 0 0
  563 19.3556 0 0
  564 19.39 0 0
  565 19.4244 0 0
  566 19.4588 0 0
  567 19.4932 0 0
  568 19.5276 0 0
  569 19.562 0 0
  570 19.5964 0 0
  571 19.6308 0 0
  572 19.6653 0 0
  573 19.6997 0 0
  574 19.7341 0 0
  575 19.7685 0 0
  576 19.8029 0 0
  577 19.8373 0 0
  578 19.8717 0 0
  579 19.9061 0 0
  580 19.9405 0 0
  581 19.9749 0 0
  582 20.0094 0 0
  583 20.0438 0 0
  584 20.0782 0 0
  585 20.1126 0 0
  586 20.147 0 0
  587 20.1814 0 0
  588 20.2158 0 0
  589 20.2502 0 0
  590 20.2846 0 0
  591 20.319 0 0
  592 20.3535 0 0
  593 20.3879 0 0
  594 20.4223 0 0
  595 20.4567 0 0
  596 20.4911 0 0
  597 20.5255 0 0
  598 20.5599 0 0
  599 20.5943 0 0
  600 20.6287 0 0
  601 20.6631 0 0
  602 20.6976 0 0
  603 20.732 0 0
  604 20.7664 0 0
  605 20.8008 0 0
  606 20.8352 0 0
  607 20.8696 0 0
  608 20.904 0 0
  609 20.9384 0 0
  610 20.9728 0 0
  611 21.0072 0 0
  612 21.0417 0 0
  613 21.0761 0 0
  614 21.1105 0 0
  615 21.1449 0 0
  616 21.1793 0 0
  617 21.2137 0 0
  618 21.2481 0 0
  619 21.2825 0 0
  620 21.3169 0 0
  621 21.3513 0 0
  622 21.3857 0 0
  623 21.4202 0 0
  624 21.4546 0 0
  625 21.489 0 0
  626 21.5234 0 0
  627 21.5578 0 0
  628 21.5922 0 0
  629 21.6266 0 0
  630 21.661 0 0
  631 21.6954 0 0
  632 21.7298 0 0
  633 21.7643 0 0
  634 21.7987 0 0
  635 21.8331 0 0
  636 21.8675 0 0
  637 21.9019 0 0
  638 21.9363 0 0
  639 21.9707 0 0
  640 22.0051 0 0
  641 22.0395 0 0
  642 22.0739 0 0
  643 22.1084 0 0
  644 22.1428 0 0
  645 22.1772 0 0
  646 22.2116 0 0
  647 22.246 0 0
  648 22.2804 0 0
  649 22.3148 0 0
  650 22.3492 0 0
  651 22.3836 0 0
  652 22.418 0 0
  653 22.4525 0 0
  654 22.4869 0 0
  655 22.5213 0 0
  656 22.5557 0 0
  657 22.5901 0 0
  658 22.6245 0 0
  659 22.6589 0 0
  660 22.6933 0 0
  661 22.7277 0 0
  662 22.7621 0 0
  663 22.7966 0 0
  664 22.831 0 0
  665 22.8654 0 0
  666 22.8998 0 0
  667 22.9342 0 0
  668 22.9686 0 0
  669 23.003 0 0
  670 23.0374 0 0
  671 23.0718 0 0
  672 23.1062 0 0
  673 23.1407 0 0
  674 23.1751 0 0
  675 23.2095 0 0
  676 23.2439 0 0
  677 23.2783 0 0
  678 23.3127 0 0
  679 23.3471 0 0
  680 23.3815 0 0
  681 23.4159 0 0
  682 23.4503 0 0
  683 23.4848 0 0
  684 23.5192 0 0
  685 23.5536 0 0
  686 23.588 0 0
  687 23.6224 0 0
  688 23.6568 0 0
  689 23.6912 0 0
  690 23.7256 0 0
  691 23.76 0 0
  692 23.7944 0 0
  693 23.8289 0 0
  694 23.8633 0 0
  695 23.8977 0 0
  696 23.9321 0 0
  697 23.9665 0 0
  698 24.0009 0 0
  699 24.0353 0 0
  700 24.0697 0 0
  701 24.1041 0 0
  702 24.1385 0 0
  703 24.173 0 0
  704 24.2074 0 0
  705 24.2418 0 0
  706 24.2762 0 0
  707 24.3106 0 0
  708 24.345 0 0
  709 24.3794 0 0
  710 24.4138 0 0
  711 24.4482 0 0
  712 24.4826 0 0
  713 24.517 0 0
  714 24.5515 0 0
  715 24.5859 0 0
  716 24.6203 0 0
  717 24.6547 0 0
  718 24.6891 0 0
  719 24.7235 0 0
  720 24.7579 0 0
  721 24.7923 0 0
  722 24.8267 0 0
  723 24.8611 0 0
  724 24.8956 0 0
  725 24.93 0 0
  726 24.9644 0 0
  727 24.9988 0 0
  728 25.0332 0 0
  729 25.0676 0 0
  730 25.102 0 0
  731 25.1364 0 0
  732 25.1708 0 0
  733 25.2052 0 0
  734 25.2397 0 0
  735 25.2741 0 0
  736 25.3085 0 0
  737 25.3429 0 0
  738 25.3773 0 0
  739 25.4117 0 0
  740 25.4461 0 0
  741 25.4805 0 0
  742 25.5149 0 0
  743 25.5493 0 0
  744 25.5838 0 0
  745 25.6182 0 0
  746 25.6526 0 0
  747 25.687 0 0
  748 25.7214 0 0
  749 25.7558 0 0
  750 25.7902 0 0
  751 25.8246 0 0
  752 25.859 0 0
  753 25.8934 0 0
  754 25.9279 0 0
  755 25.9623 0 0
  756 25.9967 0 0
  757 26.0311 0 0
  758 26.0655 0 0
  759 26.0999 0 0
  760 26.1343 0 0
  761 26.1687 0 0
  762 26.2031 0 0
  763 26.2375 0 0
  764 26.272 0 0
  765 26.3064 0 0
  766 26.3408 0 0
  767 26.3752 0 0
  768 26.4096 0 0
  769 26.444 0 0
  770 26.4784 0 0
  771 26.5128 0 0
  772 26.5472 0 0
  773 26.5816 0 0
  774 26.6161 0 0
  775 26.6505 0 0
  776 26.6849 0 0
  777 26.7193 0 0
  778 26.7537 0 0
  779 26.7881 0 0
  780 26.8225 0 0
  781 26.8569 0 0
  782 26.8913 0 0
  783 26.9257 0 0
  784 26.9602 0 0
  785 26.9946 0 0
  786 27.029 0 0
  787 27.0634 0 0
  788 27.0978 0 0
  789 27.1322 0 0
  790 27.1666 0 0
  791 27.201 0 0
  792 27.2354 0 0
  793 27.2698 0 0
  794 27.3043 0 0
  795 27.3387 0 0
  796 27.3731 0 0
  797 27.4075 0 0
  798 27.4419 0 0
  799 27.4763 0 0
  800 27.5107 0 0
  801 27.5451 0 0
  802 27.5795 0 0
  803 27.6139 0 0
  804 27.6484 0 0
  805 27.6828 0 0
  806 27.7172 0 0
  807 27.7516 0 0
  808 27.786 0 0
  809 27.8204 0 0
  810 27.8548 0 0
  811 27.8892 0 0
  812 27.9236 0 0
  813 27.958 0 0
  814 27.9924 0 0
  815 28.0269 0 0
  816 28.0613 0 0
  817 28.0957 0 0
  818 28.1301 0 0
  819 28.1645 0 0
  820 28.1989 0 0
  821 28.2333 0 0
  822 28.2677 0 0
  823 28.3021 0 0
  824 28.3365 0 0
  825 28.371 0 0
  826 28.4054 0 0
  827 28.4398 0 0
  828 28.4742 0 0
  829 28.5086 0 0
  830 28.543 0 0
  831 28.5774 0 0
  832 28.6118 0 0
  833 28.6462 0 0
  834 28.6806 0 0
  835 28.7151 0 0
  836 28.7495 0 0
  837 28.7839 0 0
  838 28.8183 0 0
  839 28.8527 0 0
  840 28.8871 0 0
  841 28.9215 0 0
  842 28.9559 0 0
  843 28.9903 0 0
  844 29.0247 0 0
  845 29.0592 0 0
  846 29.0936 0 0
  847 29.128 0 0
  848 29.1624 0 0
  849 29.1968 0 0
  850 29.2312 0 0
  851 29.2656 0 0
  852 29.3 0 0
  853 29.3344 0 0
  854 29.3688 0 0
  855 29.4033 0 0
  856 29.4377 0 0
  857 29.4721 0 0
  858 29.5065 0 0
  859 29.5409 0 0
  860 29.5753 0 0
  861 29.6097 0 0
  862 29.6441 0 0
  863 29.6785 0 0
  864 29.7129 0 0
  865 29.7474 0 0
  866 29.7818 0 0
  867 29.8162 0 0
  868 29.8506 0 0
  869 29.885 0 0
  870 29.9194 0 0
  871 29.9538 0 0
  872 29.9882 0 0
  873 30.0226 0 0
  874 30.057 0 0
  875 30.0915 0 0
  876 30.1259 0 0
  877 30.1603 0 0
  878 30.1947 0 0
  879 30.2291 0 0
  880 30.2635 0 0
  881 30.2979 0 0
  882 30.3323 0 0
  883 30.3667 0 0
  884 30.4011 0 0
  885 30.4356 0 0
  886 30.47 0 0
  887 30.5044 0 0
  888 30.5388 0 0
  889 30.5732 0 0
  890 30.6076 0 0
  891 30.642 0 0
  892 30.6764 0 0
  893 30.7108 0 0
  894 30.7452 0 0
  895 30.7797 0 0
  896 30.8141 0 0
  897 30.8485 0 0
  898 30.8829 0 0
  899 30.9173 0 0
  900 30.9517 0 0
  901 30.9861 0 0
  902 31.0205 0 0
  903 31.0549 0 0
  904 31.0893 0 0
  905 31.1237 0 0
  906 31.1582 0 0
  907 31.1926 0 0
  908 31.227 0 0
  909 31.2614 0 0
  910 31.2958 0 0
  911 31.3302 0 0
  912 31.3646 0 0
  913 31.399 0 0
  914 31.4334 0 0
  915 31.4678 0 0
  916 31.5023 0 0
  917 31.5367 0 0
  918 31.5711 0 0
  919 31.6055 0 0
  920 31.6399 0 0
  921 31.6743 0 0
  922 31.7087 0 0
  923 31.7431 0 0
  924 31.7775 0 0
  925 31.8119 0 0
  926 31.8464 0 0
  927 31.8808 0 0
  928 31.9152 0 0
  929 31.9496 0 0
  930 31.984 0 0
  931 32.0184 0 0
  932 32.0528 0 0
  933 32.0872 0 0
  934 32.1216 0 0
  935 32.156 0 0
  936 32.1905 0 0
  937 32.2249 0 0
  938 32.2593 0 0
  939 32.2937 0 0
  940 32.3281 0 0
  941 32.3625 0 0
  942 32.3969 0 0
  943 32.4313 0 0
  944 32.4657 0 0
  945 32.5001 0 0
  946 32.5346 0 0
  947 32.569 0 0
  948 32.6034 0 0
  949 32.6378 0 0
  950 32.6722 0 0
  951 32.7066 0 0
  952 32.741 0 0
  953 32.7754 0 0
  954 32.8098 0 0
  955 32.8442 0 0
  956 32.8787 0 0
  957 32.9131 0 0
  958 32.9475 0 0
  959 32.9819 0 0
  960 33.0163 0 0
  961 33.0507 0 0
  962 33.0851 0 0
  963 33.1195 0 0
  964 33.1539 0 0
  965 33.1883 0 0
  966 33.2228 0 0
  967 33.2572 0 0
  968 33.2916 0 0
  969 33.326 0 0
  970 33.3604 0 0
  971 33.3948 0 0
  972 33.4292 0 0
  973 33.4636 0 0
  974 33.498 0 0
  975 33.5324 0 0
  976 33.5669 0 0
  977 33.6013 0 0
  978 33.6357 0 0
  979 33.6701 0 0
  980 33.7045 0 0
  981 33.7389 0 0
  982 33.7733 0 0
  983 33.8077 0 0
  984 33.8421 0 0
  985 33.8765 0 0
  986 33.911 0 0
  987 33.9454 0 0
  988 33.9798 0 0
  989 34.0142 0 0
  990 34.0486 0 0
  991 34.083 0 0
  992 34.1174 0 0
  993 34.1518 0 0
  994 34.1862 0 0
  995 34.2206 0 0
  996 34.255 0 0
  997 34.2895 0 0
  998 34.3239 0 0
  999 34.3583 0 0
  1000 34.3927 0 0
20000 1000 3600
  1 0.0172049 0 0
  2 0.0516148 0 0
  3 0.0860247 0 0
  4 0.120435 0 0
  5 0.154845 0 0
  6 0.189254 0 0
  7 0.223664 0 0
  8 0.258074 0 0
  9 0.292484 0 0
  10 0.326894 0 0
  11 0.361304 0 0
  12 0.395714 0 0
  13 0.430124 0 0
  14 0.464534 0 0
  15 0.498943 0 0
  16 0.533353 0 0
  17 0.567763 0 0
  18 0.602173 0 0
  19 0.636583 0 0
  20 0.670993 0 0
  21 0.705403 0 0
  22 0.739813 0 0
  23 0.774223 0 0
  24 0.808633 0 0
  25 0.843042 0 0
  26 0.877452 0 0
  27 0.911862 0 0
  28 0.946272 0 0
  29 0.980682 0 0
  30 1.01509 0 0
  31 1.0495 0 0
  32 1.08391 0 0
  33 1.11832 0 0
  34 1.15273 0 0
  35 1.18714 0 0
  36 1.22155 0 0
  37 1.25596 0 0
  38 1.29037 0 0
  39 1.32478 0 0
  40 1.35919 0 0
  41 1.3936 0 0
  42 1.42801 0 0
  43 1.46242 0 0
  44 1.49683 0 0
  45 1.53124 0 0
  46 1.56565 0 0
  47 1.60006 0 0
  48 1.63447 0 0
  49 1.66888 0 0
  50 1.70329 0 0
  51 1.7377 0 0
  52 1.77211 0 0
  53 1.80652 0 0
  54 1.84093 0 0
  55 1.87534 0 0
  56 1.90975 0 0
  57 1.94416 0 0
  58 1.97857 0 0
  59 2.01298 0 0
  60 2.04739 0 0
  61 2.0818 0 0
  62 2.11621 0 0
  63 2.15062 0 0
  64 2.18503 0 0
  65 2.21944 0 0
  66 2.25385 0 0
  67 2.28826 0 0
  68 2.32267 0 0
  69 2.35708 0 0
  70 2.39149 0.075 0.00242178
  71 2.4259 0.075 0.00242178
  72 2.46031 0.075 0.00242178
  73 2.49472 0.275 0.00887987
  74 2.52913 0.4 0.0129162
  75 2.56354 0.525 0.0169525
  76 2.59795 0.8 0.0258324
  77 2.63236 1.425 0.0460139
  78 2.66677 2.425 0.0783044
  79 2.70118 2.775 0.089606
  80 2.73559 3.475 0.112209
  81 2.77 4.65 0.150151
  82 2.80441 4.9 0.158223
  83 2.83882 5.95 0.192128
  84 2.87323 7 0.226033
  85 2.90764 6.125 0.197779
  86 2.94205 5.2 0.16791
  87 2.97646 4 0.129162
  88 3.01087 3.2 0.103329
  89 3.04528 3.025 0.0976786
  90 3.07969 2.525 0.0815334
  91 3.1141 1.975 0.0637736
  92 3.14851 2.975 0.0960641
  93 3.18292 5 0.161452
  94 3.21733 7.775 0.251058
  95 3.25174 11.275 0.364075
  96 3.28614 13.925 0.449645
  97 3.32055 17 0.548938
  98 3.35496 19.675 0.635315
  99 3.38937 20.925 0.675678
  100 3.42378 21 0.6781
  101 3.45819 21.7 0.700703
  102 3.4926 20.6 0.665183
  103 3.52701 20.125 0.649845
  104 3.56142 20.55 0.663569
  105 3.59583 20.875 0.674063
  106 3.63024 18.625 0.60141
  107 3.66465 18.175 0.586879
  108 3.69906 19.9 0.64258
  109 3.73347 20.35 0.657111
  110 3.76788 19.45 0.628049
  111 3.80229 18.925 0.611097
  112 3.8367 17.8 0.57477
  113 3.87111 17.425 0.562661
  114 3.90552 18.325 0.591723
  115 3.93993 17.775 0.573963
  116 3.97434 17.525 0.56589
  117 4.00875 17.575 0.567505
  118 4.04316 17.425 0.562661
  119 4.07757 15.475 0.499695
  120 4.11198 17.05 0.550552
  121 4.14639 15.45 0.498888
  122 4.1808 15.875 0.512611
  123 4.21521 17.025 0.549745
  124 4.24962 17.375 0.561047
  125 4.28403 16.75 0.540865
  126 4.31844 16.525 0.5336
  127 4.35285 18.4 0.594144
  128 4.38726 16.775 0.541672
  129 4.42167 17.85 0.576385
  130 4.45608 17.075 0.55136
  131 4.49049 17.825 0.575577
  132 4.5249 18 0.581228
  133 4.55931 17.525 0.56589
  134 4.59372 17.375 0.561047
  135 4.62813 17.425 0.562661
  136 4.66254 18.275 0.590108
  137 4.69695 17.825 0.575577
  138 4.73136 18.75 0.605446
  139 4.76577 18.85 0.608675
  140 4.80018 17.25 0.55701
  141 4.83459 16.65 0.537636
  142 4.869 19 0.613519
  143 4.90341 17.775 0.573963
  144 4.93782 17.4 0.561854
  145 4.97223 16.7 0.539251
  146 5.00664 17.65 0.569927
  147 5.04105 16.925 0.546516
  148 5.07546 17.1 0.552167
  149 5.10987 17.325 0.559432
  150 5.14428 17.225 0.556203
  151 5.17869 17.475 0.564276
  152 5.2131 17.45 0.563468
  153 5.24751 17.375 0.561047
  154 5.28192 17.2 0.555396
  155 5.31633 16.75 0.540865
  156 5.35074 16.125 0.520684
  157 5.38515 16.875 0.544901
  158 5.41956 17.35 0.560239
  159 5.45397 15.9 0.513418
  160 5.48838 18.15 0.586072
  161 5.52279 17.1 0.552167
  162 5.5572 17.875 0.577192
  163 5.59161 17.025 0.549745
  164 5.62602 16.65 0.537636
  165 5.66043 18.625 0.60141
  166 5.69484 17.575 0.567505
  167 5.72925 16.8 0.54248
  168 5.76366 17.475 0.564276
  169 5.79807 16.975 0.54813
  170 5.83248 17.6 0.568312
  171 5.86689 17.25 0.55701
  172 5.9013 18.475 0.596566
  173 5.93571 18.475 0.596566
  174 5.97012 18.175 0.586879
  175 6.00453 18.525 0.598181
  176 6.03894 18.6 0.600602
  177 6.07335 19.1 0.616748
  178 6.10776 20.075 0.648231
  179 6.14217 18.5 0.597373
  180 6.17658 20.65 0.666798
  181 6.21099 19.725 0.636929
  182 6.2454 18.425 0.594952
  183 6.27981 18.45 0.595759
  184 6.31422 18.425 0.594952
  185 6.34863 18.4 0.594144
  186 6.38304 17.675 0.570734
  187 6.41745 17.05 0.550552
  188 6.45186 17.35 0.560239
  189 6.48627 17.125 0.552974
  190 6.52067 17.725 0.572348
  191 6.55508 16.375 0.528756
  192 6.58949 16.6 0.536022
  193 6.6239 15.45 0.498888
  194 6.65831 16.325 0.527142
  195 6.69272 15.525 0.501309
  196 6.72713 16.55 0.534407
  197 6.76154 15.675 0.506153
  198 6.79595 16.05 0.518262
  199 6.83036 15.625 0.504538
  200 6.86477 14.975 0.48355
  201 6.89918 14.525 0.469019
  202 6.93359 16.5 0.532792
  203 6.968 14.475 0.467404
  204 7.00241 14.075 0.454488
  205 7.03682 15.375 0.496466
  206 7.07123 15.175 0.490008
  207 7.10564 14.65 0.473055
  208 7.14005 14.675 0.473862
  209 7.17446 14.825 0.478706
  210 7.20887 13.725 0.443186
  211 7.24328 13.325 0.43027
  212 7.27769 13.2 0.426234
  213 7.3121 13.65 0.440765
  214 7.34651 13.45 0.434307
  215 7.38092 13.325 0.43027
  216 7.41533 12.675 0.409282
  217 7.44974 12.95 0.418161
  218 7.48415 13.5 0.435921
  219 7.51856 12.95 0.418161
  220 7.55297 13.5 0.435921
  221 7.58738 13.65 0.440765
  222 7.62179 13.7 0.442379
  223 7.6562 13.7 0.442379
  224 7.69061 12.9 0.416547
  225 7.72502 13.525 0.436728
  226 7.75943 12.875 0.41574
  227 7.79384 11.45 0.369726
  228 7.82825 13.75 0.443994
  229 7.86266 12.8 0.413318
  230 7.89707 12.075 0.389907
  231 7.93148 12 0.387485
  232 7.96589 12.8 0.413318
  233 8.0003 11.825 0.381835
  234 8.03471 12.475 0.402823
  235 8.06912 13.125 0.423812
  236 8.10353 12.9 0.416547
  237 8.13794 14 0.452066
  238 8.17235 12.05 0.3891
  239 8.20676 13.5 0.435921
  240 8.24117 13.125 0.423812
  241 8.27558 13.3 0.429463
  242 8.30999 12.925 0.417354
  243 8.3444 11.725 0.378606
  244 8.37881 12.675 0.409282
  245 8.41322 12.35 0.398787
  246 8.44763 11.775 0.38022
  247 8.48204 11.05 0.35681
  248 8.51645 10.45 0.337435
  249 8.55086 12.375 0.399594
  250 8.58527 11.325 0.365689
  251 8.61968 11.45 0.369726
  252 8.65409 12.675 0.409282
  253 8.6885 11.325 0.365689
  254 8.72291 11.3 0.364882
  255 8.75732 11.975 0.386678
  256 8.79173 12.025 0.388293
  257 8.82614 11.75 0.379413
  258 8.86055 11.85 0.382642
  259 8.89496 11.4 0.368111
  260 8.92937 11.55 0.372955
  261 8.96378 12.25 0.395558
  262 8.99819 11.9 0.384256
  263 9.0326 11.475 0.370533
  264 9.06701 12 0.387485
  265 9.10142 11.875 0.383449
  266 9.13583 11.475 0.370533
  267 9.17024 11.325 0.365689
  268 9.20465 10.5 0.33905
  269 9.23906 11.75 0.379413
  270 9.27347 11.025 0.356002
  271 9.30788 10.3 0.332592
  272 9.34229 12.55 0.405245
  273 9.3767 11.1 0.358424
  274 9.41111 11.075 0.357617
  275 9.44552 11.275 0.364075
  276 9.47993 10.55 0.340664
  277 9.51434 11.625 0.375377
  278 9.54875 10.925 0.352773
  279 9.58316 12.05 0.3891
  280 9.61757 11.625 0.375377
  281 9.65198 10.725 0.346315
  282 9.68639 10.225 0.33017
  283 9.7208 11.675 0.376991
  284 9.75521 11.35 0.366497
  285 9.78961 10.05 0.324519
  286 9.82402 11.225 0.36246
  287 9.85843 10.625 0.343086
  288 9.89284 10.8 0.348737
  289 9.92725 10.35 0.334206
  290 9.96166 10.125 0.326941
  291 9.99607 10.975 0.354388
  292 10.0305 10.625 0.343086
  293 10.0649 10.225 0.33017
  294 10.0993 11.175 0.360846
  295 10.1337 9.95 0.32129
  296 10.1681 10.25 0.330977
  297 10.2025 9.525 0.307567
  298 10.2369 10.25 0.330977
  299 10.2714 10.55 0.340664
  300 10.3058 10.975 0.354388
  301 10.3402 11.55 0.372955
  302 10.3746 9.5 0.306759
  303 10.409 8.475 0.273662
  304 10.4434 10.45 0.337435
  305 10.4778 9.425 0.304338
  306 10.5122 9.7 0.313217
  307 10.5466 8.875 0.286578
  308 10.581 9.775 0.315639
  309 10.6155 9.25 0.298687
  310 10.6499 9.375 0.302723
  311 10.6843 9.7 0.313217
  312 10.7187 10.375 0.335013
  313 10.7531 9.85 0.318061
  314 10.7875 9.2 0.297072
  315 10.8219 10.325 0.333399
  316 10.8563 9.725 0.314025
  317 10.8907 10.175 0.328555
  318 10.9251 10.125 0.326941
  319 10.9596 9.975 0.322097
  320 10.994 10.9 0.351966
  321 11.0284 9.325 0.301108
  322 11.0628 8.85 0.285771
  323 11.0972 9.425 0.304338
  324 11.1316 8.25 0.266396
  325 11.166 8.45 0.272854
  326 11.2004 7.95 0.256709
  327 11.2348 8.4 0.27124
  328 11.2692 8.45 0.272854
  329 11.3037 9.575 0.309181
  330 11.3381 7.725 0.249444
  331 11.3725 7 0.226033
  332 11.4069 7.025 0.22684
  333 11.4413 7.225 0.233299
  334 11.4757 6.7 0.216346
  335 11.5101 6.45 0.208273
  336 11.5445 5.575 0.180019
  337 11.5789 5.25 0.169525
  338 11.6133 5.775 0.186477
  339 11.6477 5.05 0.163067
  340 11.6822 4.75 0.15338
  341 11.7166 4.475 0.1445
  342 11.751 4.275 0.138042
  343 11.7854 4.075 0.131584
  344 11.8198 2.55 0.0823407
  345 11.8542 2.725 0.0879915
  346 11.8886 2.625 0.0847624
  347 11.923 2.55 0.0823407
  348 11.9574 2.425 0.0783044
  349 11.9918 2.7 0.0871842
  350 12.0263 2.75 0.0887987
  351 12.0607 2.825 0.0912205
  352 12.0951 2.475 0.0799189
  353 12.1295 2.625 0.0847624
  354 12.1639 2.525 0.0815334
  355 12.1983 2.525 0.0815334
  356 12.2327 3.025 0.0976786
  357 12.2671 1.8 0.0581228
  358 12.3015 2.375 0.0766898
  359 12.3359 2.1 0.06781
  360 12.3704 1.625 0.052472
  361 12.4048 2.05 0.0661954
  362 12.4392 1.9 0.0613519
  363 12.4736 1.45 0.0468212
  364 12.508 1.325 0.0427849
  365 12.5424 1.5 0.0484357
  366 12.5768 1.325 0.0427849
  367 12.6112 1.25 0.0403631
  368 12.6456 1.175 0.0379413
  369 12.68 0.9 0.0290614
  370 12.7145 0.95 0.0306759
  371 12.7489 1 0.0322905
  372 12.7833 1.25 0.0403631
  373 12.8177 1.225 0.0395558
  374 12.8521 0.95 0.0306759
  375 12.8865 1.05 0.033905
  376 12.9209 1.025 0.0330977
  377 12.9553 1.5 0.0484357
  378 12.9897 1.4 0.0452066
  379 13.0241 0.825 0.0266396
  380 13.0586 0.975 0.0314832
  381 13.093 0.875 0.0282541
  382 13.1274 0.85 0.0274469
  383 13.1618 0.725 0.0234106
  384 13.1962 0.5 0.0161452
  385 13.2306 0.525 0.0169525
  386 13.265 0.475 0.015338
  387 13.2994 0.45 0.0145307
  388 13.3338 0.6 0.0193743
  389 13.3682 0.4 0.0129162
  390 13.4027 0.8 0.0258324
  391 13.4371 0.475 0.015338
  392 13.4715 0.3 0.00968714
  393 13.5059 0.4 0.0129162
  394 13.5403 0.275 0.00887987
  395 13.5747 0.175 0.00565083
  396 13.6091 0.3 0.00968714
  397 13.6435 0.2 0.00645809
  398 13.6779 0.15 0.00484357
  399 13.7123 0.05 0.00161452
  400 13.7468 0.125 0.00403631
  401 13.7812 0.175 0.00565083
  402 13.8156 0.025 0.000807261
  403 13.85 0.1 0.00322905
  404 13.8844 0.05 0.00161452
  405 13.9188 0.175 0.00565083
  406 13.9532 0.175 0.00565083
  407 13.9876 0.1 0.00322905
  408 14.022 0.225 0.00726535
  409 14.0564 0.125 0.00403631
  410 14.0909 0.075 0.00242178
  411 14.1253 0.075 0.00242178
  412 14.1597 0.025 0.000807261
  413 14.1941 0.025 0.000807261
  414 14.2285 0 0
  415 14.2629 0 0
  416 14.2973 0 0
  417 14.3317 0 0
  418 14.3661 0 0
  419 14.4005 0 0
  420 14.435 0 0
  421 14.4694 0 0
  422 14.5038 0 0
  423 14.5382 0 0
  424 14.5726 0 0
  425 14.607 0 0
  426 14.6414 0 0
  427 14.6758 0 0
  428 14.7102 0 0
  429 14.7446 0 0
  430 14.779 0 0
  431 14.8135 0 0
  432 14.8479 0 0
  433 14.8823 0 0
  434 14.9167 0 0
  435 14.9511 0 0
  436 14.9855 0 0
  437 15.0199 0 0
  438 15.0543 0 0
  439 15.0887 0 0
  440 15.1231 0 0
  441 15.1576 0 0
  442 15.192 0 0
  443 15.2264 0 0
  444 15.2608 0 0
  445 15.2952 0 0
  446 15.3296 0 0
  447 15.364 0 0
  448 15.3984 0 0
  449 15.4328 0 0
  450 15.4672 0 0
  451 15.5017 0 0
  452 15.5361 0 0
  453 15.5705 0 0
  454 15.6049 0 0
  455 15.6393 0 0
  456 15.6737 0 0
  457 15.7081 0 0
  458 15.7425 0 0
  459 15.7769 0 0
  460 15.8113 0 0
  461 15.8458 0 0
  462 15.8802 0 0
  463 15.9146 0 0
  464 15.949 0 0
  465 15.9834 0 0
  466 16.0178 0 0
  467 16.0522 0 0
  468 16.0866 0 0
  469 16.121 0 0
  470 16.1554 0 0
  471 16.1899 0 0
  472 16.2243 0 0
  473 16.2587 0 0
  474 16.2931 0 0
  475 16.3275 0 0
  476 16.3619 0 0
  477 16.3963 0 0
  478 16.4307 0 0
  479 16.4651 0 0
  480 16.4995 0 0
  481 16.534 0 0
  482 16.5684 0 0
  483 16.6028 0 0
  484 16.6372 0 0
  485 16.6716 0 0
  486 16.706 0 0
  487 16.7404 0 0
  488 16.7748 0 0
  489 16.8092 0 0
  490 16.8436 0 0
  491 16.8781 0 0
  492 16.9125 0 0
  493 16.9469 0 0
  494 16.9813 0 0
  495 17.0157 0 0
  496 17.0501 0 0
  497 17.0845 0 0
  498 17.1189 0 0
  499 17.1533 0 0
  500 17.1877 0 0
  501 17.2222 0 0
  502 17.2566 0 0
  503 17.291 0 0
  504 17.3254 0 0
  505 17.3598 0 0
  506 17.3942 0 0
  507 17.4286 0 0
  508 17.463 0 0
  509 17.4974 0 0
  510 17.5318 0 0
  511 17.5663 0 0
  512 17.6007 0 0
  513 17.6351 0 0
  514 17.6695 0 0
  515 17.7039 0 0
  516 17.7383 0 0
  517 17.7727 0 0
  518 17.8071 0 0
  519 17.8415 0 0
  520 17.8759 0 0
  521 17.9103 0 0
  522 17.9448 0 0
  523 17.9792 0 0
  524 18.0136 0 0
  525 18.048 0 0
  526 18.0824 0 0
  527 18.1168 0 0
  528 18.1512 0 0
  529 18.1856 0 0
  530 18.22 0 0
  531 18.2544 0 0
  532 18.2889 0 0
  533 18.3233 0 0
  534 18.3577 0 0
  535 18.3921 0 0
  536 18.4265 0 0
  537 18.4609 0 0
  538 18.4953 0 0
  539 18.5297 0 0
  540 18.5641 0 0
  541 18.5985 0 0
  542 18.633 0 0
  543 18.6674 0 0
  544 18.7018 0 0
  545 18.7362 0 0
  546 18.7706 0 0
  547 18.805 0 0
  548 18.8394 0 0
  549 18.8738 0 0
  550 18.9082 0 0
  551 18.9426 0 0
  552 18.9771 0 0
  553 19.0115 0 0
  554 19.0459 0 0
  555 19.0803 0 0
  556 19.1147 0 0
  557 19.1491 0 0
  558 19.1835 0 0
  559 19.2179 0 0
  560 19.2523 0 0
  561 19.2867 0 0
  562 19.3212 0 0
  563 19.3556 0 0
  564 19.39 0 0
  565 19.4244 0 0
  566 19.4588 0 0
  567 19.4932 0 0
  568 19.5276 0 0
  569 19.562 0 0
  570 19.5964 0 0
  571 19.6308 0 0
  572 19.6653 0 0
  573 19.6997 0 0
  574 19.7341 0 0
  575 19.7685 0 0
  576 19.8029 0 0
  577 19.8373 0 0
  578 19.8717 0 0
  579 19.9061 0 0
  580 19.9405 0 0
  581 19.9749 0 0
  582 20.0094 0 0
  583 20.0438 0 0
  584 20.0782 0 0
  585 20.1126 0 0
  586 20.147 0 0
  587 20.1814 0 0
  588 20.2158 0 0
  589 20.2502 0 0
  590 20.2846 0 0
  591 20.319 0 0
  592 20.3535 0 0
  593 20.3879 0 0
  594 20.4223 0 0
  595 20.4567 0 0
  596 20.4911 0 0
  597 20.5255 0 0
  598 20.5599 0 0
  599 20.5943 0 0
  600 20.6287 0 0
  601 20.6631 0 0
  602 20.6976 0 0
  603 20.732 0 0
  604 20.7664 0 0
  605 20.8008 0 0
  606 20.8352 0 0
  607 20.8696 0 0
  608 20.904 0 0
  609 20.9384 0 0
  610 20.9728 0 0
  611 21.0072 0 0
  612 21.0417 0 0
  613 21.0761 0 0
  614 21.1105 0 0
  615 21.1449 0 0
  616 21.1793 0 0
  617 21.2137 0 0
  618 21.2481 0 0
  619 21.2825 0 0
  620 21.3169 0 0
  621 21.3513 0 0
  622 21.3857 0 0
  623 21.4202 0 0
  624 21.4546 0 0
  625 21.489 0 0
  626 21.5234 0 0
  627 21.5578 0 0
  628 21.5922 0 0
  629 21.6266 0 0
  630 21.661 0 0
  631 21.6954 0 0
  632 21.7298 0 0
  633 21.7643 0 0
  634 21.7987 0 0
  635 21.8331 0 0
  636 21.8675 0 0
  637 21.9019 0 0
  638 21.9363 0 0
  639 21.9707 0 0
  640 22.0051 0 0
  641 22.0395 0 0
  642 22.0739 0 0
  643 22.1084 0 0
  644 22.1428 0 0
  645 22.1772 0 0
  646 22.2116 0 0
  647 22.246 0 0
  648 22.2804 0 0
  649 22.3148 0 0
  650 22.3492 0 0
  651 22.3836 0 0
  652 22.418 0 0
  653 22.4525 0 0
  654 22.4869 0 0
  655 22.5213 0 0
  656 22.5557 0 0
  657 22.5901 0 0
  658 22.6245 0 0
  659 22.6589 0 0
  660 22.6933 0 0
  661 22.7277 0 0
  662 22.7621 0 0
  663 22.7966 0 0
  664 22.831 0 0
  665 22.8654 0 0
  666 22.8998 0 0
  667 22.9342 0 0
  668 22.9686 0 0
  669 23.003 0 0
  670 23.0374 0 0
  671 23.0718 0 0
  672 23.1062 0 0
  673 23.1407 0 0
  674 23.1751 0 0
  675 23.2095 0 0
  676 23.2439 0 0
  677 23.2783 0 0
  678 23.3127 0 0
  679 23.3471 0 0
  680 23.3815 0 0
  681 23.4159 0 0
  682 23.4503 0 0
  683 23.4848 0 0
  684 23.5192 0 0
  685 23.5536 0 0
  686 23.588 0 0
  687 23.6224 0 0
  688 23.6568 0 0
  689 23.6912 0 0
  690 23.7256 0 0
  691 23.76 0 0
  692 23.7944 0 0
  693 23.8289 0 0
  694 23.8633 0 0
  695 23.8977 0 0
  696 23.9321 0 0
  697 23.9665 0 0
  698 24.0009 0 0
  699 24.0353 0 0
  700 24.0697 0 0
  701 24.1041 0 0
  702 24.1385 0 0
  703 24.173 0 0
  704 24.2074 0 0
  705 24.2418 0 0
  706 24.2762 0 0
  707 24.3106 0 0
  708 24.345 0 0
  709 24.3794 0 0
  710 24.4138 0 0
  711 24.4482 0 0
  712 24.4826 0 0
  713 24.517 0 0
  714 24.5515 0 0
  715 24.5859 0 0
  716 24.6203 0 0
  717 24.6547 0 0
  718 24.6891 0 0
  719 24.7235 0 0
  720 24.7579 0 0
  721 24.7923 0 0
  722 24.8267 0 0
  723 24.8611 0 0
  724 24.8956 0 0
  725 24.93 0 0
  726 24.9644 0 0
  727 24.9988 0 0
  728 25.0332 0 0
  729 25.0676 0 0
  730 25.102 0 0
  731 25.1364 0 0
  732 25.1708 0 0
  733 25.2052 0 0
  734 25.2397 0 0
  735 25.2741 0 0
  736 25.3085 0 0
  737 25.3429 0 0
  738 25.3773 0 0
  739 25.4117 0 0
  740 25.4461 0 0
  741 25.4805 0 0
  742 25.5149 0 0
  743 25.5493 0 0
  744 25.5838 0 0
  745 25.6182 0 0
  746 25.6526 0 0
  747 25.687 0 0
  748 25.7214 0 0
  749 25.7558 0 0
  750 25.7902 0 0
  751 25.8246 0 0
  752 25.859 0 0
  753 25.8934 0 0
  754 25.9279 0 0
  755 25.9623 0 0
  756 25.9967 0 0
  757 26.0311 0 0
  758 26.0655 0 0
  759 26.0999 0 0
  760 26.1343 0 0
  761 26.1687 0 0
  762 26.2031 0 0
  763 26.2375 0 0
  764 26.272 0 0
  765 26.3064 0 0
  766 26.3408 0 0
  767 26.3752 0 0
  768 26.4096 0 0
  769 26.444 0 0
  770 26.4784 0 0
  771 26.5128 0 0
  772 26.5472 0 0
  773 26.5816 0 0
  774 26.6161 0 0
  775 26.6505 0 0
  776 26.6849 0 0
  777 26.7193 0 0
  778 26.7537 0 0
  779 26.7881 0 0
  780 26.8225 0 0
  781 26.8569 0 0
  782 26.8913 0 0
  783 26.9257 0 0
  784 26.9602 0 0
  785 26.9946 0 0
  786 27.029 0 0
  787 27.0634 0 0
  788 27.0978 0 0
  789 27.1322 0 0
  790 27.1666 0 0
  791 27.201 0 0
  792 27.2354 0 0
  793 27.2698 0 0
  794 27.3043 0 0
  795 27.3387 0 0
  796 27.3731 0 0
  797 27.4075 0 0
  798 27.4419 0 0
  799 27.4763 0 0
  800 27.5107 0 0
  801 27.5451 0 0
  802 27.5795 0 0
  803 27.6139 0 0
  804 27.6484 0 0
  805 27.6828 0 0
  806 27.7172 0 0
  807 27.7516 0 0
  808 27.786 0 0
  809 27.8204 0 0
  810 27.8548 0 0
  811 27.8892 0 0
  812 27.9236 0 0
  813 27.958 0 0
  814 27.9924 0 0
  815 28.0269 0 0
  816 28.0613 0 0
  817 28.0957 0 0
  818 28.1301 0 0
  819 28.1645 0 0
  820 28.1989 0 0
  821 28.2333 0 0
  822 28.2677 0 0
  823 28.3021 0 0
  824 28.3365 0 0
  825 28.371 0 0
  826 28.4054 0 0
  827 28.4398 0 0
  828 28.4742 0 0
  829 28.5086 0 0
  830 28.543 0 0
  831 28.5774 0 0
  832 28.6118 0 0
  833 28.6462 0 0
  834 28.6806 0 0
  835 28.7151 0 0
  836 28.7495 0 0
  837 28.7839 0 0
  838 28.8183 0 0
  839 28.8527 0 0
  840 28.8871 0 0
  841 28.9215 0 0
  842 28.9559 0 0
  843 28.9903 0 0
  844 29.0247 0 0
  845 29.0592 0 0
  846 29.0936 0 0
  847 29.128 0 0
  848 29.1624 0 0
  849 29.1968 0 0
  850 29.2312 0 0
  851 29.2656 0 0
  852 29.3 0 0
  853 29.3344 0 0
  854 29.3688 0 0
  855 29.4033 0 0
  856 29.4377 0 0
  857 29.4721 0 0
  858 29.5065 0 0
  859 29.5409 0 0
  860 29.5753 0 0
  861 29.6097 0 0
  862 29.6441 0 0
  863 29.6785 0 0
  864 29.7129 0 0
  865 29.7474 0 0
  866 29.7818 0 0
  867 29.8162 0 0
  868 29.8506 0 0
  869 29.885 0 0
  870 29.9194 0 0
  871 29.9538 0 0
  872 29.9882 0 0
  873 30.0226 0 0
  874 30.057 0 0
  875 30.0915 0 0
  876 30.1259 0 0
  877 30.1603 0 0
  878 30.1947 0 0
  879 30.2291 0 0
  880 30.2635 0 0
  881 30.2979 0 0
  882 30.3323 0 0
  883 30.3667 0 0
  884 30.4011 0 0
  885 30.4356 0 0
  886 30.47 0 0
  887 30.5044 0 0
  888 30.5388 0 0
  889 30.5732 0 0
  890 30.6076 0 0
  891 30.642 0 0
  892 30.6764 0 0
  893 30.7108 0 0
  894 30.7452 0 0
  895 30.7797 0 0
  896 30.8141 0 0
  897 30.8485 0 0
  898 30.8829 0 0
  899 30.9173 0 0
  900 30.9517 0 0
  901 30.9861 0 0
  902 31.0205 0 0
  903 31.0549 0 0
  904 31.0893 0 0
  905 31.1237 0 0
  906 31.1582 0 0
  907 31.1926 0 0
  908 31.227 0 0
  909 31.2614 0 0
  910 31.2958 0 0
  911 31.3302 0 0
  912 31.3646 0 0
  913 31.399 0 0
  914 31.4334 0 0
  915 31.4678 0 0
  916 31.5023 0 0
  917 31.5367 0 0
  918 31.5711 0 0
  919 31.6055 0 0
  920 31.6399 0 0
  921 31.6743 0 0
  922 31.7087 0 0
  923 31.7431 0 0
  924 31.7775 0 0
  925 31.8119 0 0
  926 31.8464 0 0
  927 31.8808 0 0
  928 31.9152 0 0
  929 31.9496 0 0
  930 31.984 0 0
  931 32.0184 0 0
  932 32.0528 0 0
  933 32.0872 0 0
  934 32.1216 0 0
  935 32.156 0 0
  936 32.1905 0 0
  937 32.2249 0 0
  938 32.2593 0 0
  939 32.2937 0 0
  940 32.3281 0 0
  941 32.3625 0 0
  942 32.3969 0 0
  943 32.4313 0 0
  944 32.4657 0 0
  945 32.5001 0 0
  946 32.5346 0 0
  947 32.569 0 0
  948 32.6034 0 0
  949 32.6378 0 0
  950 32.6722 0 0
  951 32.7066 0 0
  952 32.741 0 0
  953 32.7754 0 0
  954 32.8098 0 0
  955 32.8442 0 0
  956 32.8787 0 0
  957 32.9131 0 0
  958 32.9475 0 0
  959 32.9819 0 0
  960 33.0163 0 0
  961 33.0507 0 0
  962 33.0851 0 0
  963 33.1195 0 0
  964 33.1539 0 0
  965 33.1883 0 0
  966 33.2228 0 0
  967 33.2572 0 0
  968 33.2916 0 0
  969 33.326 0 0
  970 33.3604 0 0
  971 33.3948 0 0
  972 33.4292 0 0
  973 33.4636 0 0
  974 33.498 0 0
  975 33.5324 0 0
  976 33.5669 0 0
  977 33.6013 0 0
  978 33.6357 0 0
  979 33.6701 0 0
  980 33.7045 0 0
  981 33.7389 0 0
  982 33.7733 0 0
  983 33.8077 0 0
  984 33.8421 0 0
  985 33.8765 0 0
  986 33.911 0 0
  987 33.9454 0 0
  988 33.9798 0 0
  989 34.0142 0 0
  990 34.0486 0 0
  991 34.083 0 0
  992 34.1174 0 0
  993 34.1518 0 0
  994 34.1862 0 0
  995 34.2206 0 0
  996 34.255 0 0
  997 34.2895 0 0
  998 34.3239 0 0
  999 34.3583 0 0
  1000 34.3927 0 0
24000 1000 3600
  1 0.0172049 0 0
  2 0.0516148 0 0
  3 0.0860247 0 0
  4 0.120435 0 0
  5 0.154845 0 0
  6 0.189254 0 0
  7 0.223664 0 0
  8 0.258074 0 0
  9 0.292484 0 0
  10 0.326894 0 0
  11 0.361304 0 0
  12 0.395714 0 0
  13 0.430124 0 0
  14 0.464534 0 0
  15 0.498943 0 0
  16 0.533353 0 0
  17 0.567763 0 0
  18 0.602173 0 0
  19 0.636583 0 0
  20 0.670993 0 0
  21 0.705403 0 0
  22 0.739813 0 0
  23 0.774223 0 0
  24 0.808633 0 0
  25 0.843042 0 0
  26 0.877452 0 0
  27 0.911862 0 0
  28 0.946272 0 0
  29 0.980682 0 0
  30 1.01509 0 0
  31 1.0495 0 0
  32 1.08391 0 0
  33 1.11832 0 0
  34 1.15273 0 0
  35 1.18714 0 0
  36 1.22155 0 0
  37 1.25596 0 0
  38 1.29037 0 0
  39 1.32478 0 0
  40 1.35919 0 0
  41 1.3936 0 0
  42 1.42801 0 0
  43 1.46242 0 0
  44 1.49683 0 0
  45 1.53124 0 0
  46 1.56565 0 0
  47 1.60006 0 0
  48 1.63447 0 0
  49 1.66888 0 0
  50 1.70329 0 0
  51 1.7377 0 0
  52 1.77211 0 0
  53 1.80652 0 0
  54 1.84093 0 0
  55 1.87534 0 0
  56 1.90975 0 0
  57 1.94416 0 0
  58 1.97857 0 0
  59 2.01298 0 0
  60 2.04739 0 0
  61 2.0818 0 0
  62 2.11621 0 0
  63 2.15062 0 0
  64 2.18503 0 0
  65 2.21944 0 0
  66 2.25385 0 0
  67 2.28826 0 0
  68 2.32267 0 0
  69 2.35708 0 0
  70 2.39149 0 0
  71 2.4259 0.075 0.00242178
  72 2.46031 0.075 0.00242178
  73 2.49472 0.25 0.00807261
  74 2.52913 0.425 0.0137234
  75 2.56354 0.7 0.0226033
  76 2.59795 0.975 0.0314832
  77 2.63236 1.575 0.0508575
  78 2.66677 2.35 0.0758826
  79 2.70118 2.925 0.0944496
  80 2.73559 4.325 0.139656
  81 2.77 4.975 0.160645
  82 2.80441 5.075 0.163874
  83 2.83882 6.225 0.201008
  84 2.87323 5.85 0.188899
  85 2.90764 6.725 0.217153
  86 2.94205 4.275 0.138042
  87 2.97646 4.3 0.138849
  88 3.01087 3.3 0.106558
  89 3.04528 2.275 0.0734608
  90 3.07969 1.9 0.0613519
  91 3.1141 2.025 0.0653882
  92 3.14851 2.775 0.089606
  93 3.18292 3.925 0.12674
  94 3.21733 7.6 0.245407
  95 3.25174 10.925 0.352773
  96 3.28614 14.675 0.473862
  97 3.32055 17.85 0.576385
  98 3.35496 22 0.71039
  99 3.38937 24.325 0.785465
  100 3.42378 24.225 0.782236
  101 3.45819 25.725 0.830672
  102 3.4926 25.875 0.835515
  103 3.52701 25.05 0.808876
  104 3.56142 26.2 0.84601
  105 3.59583 25.325 0.817756
  106 3.63024 25.325 0.817756
  107 3.66465 24.65 0.79596
  108 3.69906 25.575 0.825828
  109 3.73347 26.025 0.840359
  110 3.76788 25.925 0.83713
  111 3.80229 24.675 0.796767
  112 3.8367 23.575 0.761247
  113 3.87111 23.65 0.763669
  114 3.90552 23.5 0.758826
  115 3.93993 23.1 0.745909
  116 3.97434 22.9 0.739451
  117 4.00875 22 0.71039
  118 4.04316 21.5 0.694245
  119 4.07757 20.15 0.650653
  120 4.11198 20.925 0.675678
  121 4.14639 20.375 0.657918
  122 4.1808 19.175 0.619169
  123 4.21521 20.5 0.661954
  124 4.24962 21.675 0.699896
  125 4.28403 19.875 0.641773
  126 4.31844 20.425 0.659533
  127 4.35285 19.75 0.637736
  128 4.38726 19.6 0.632893
  129 4.42167 18.725 0.604639
  130 4.45608 18.575 0.599795
  131 4.49049 19.825 0.640158
  132 4.5249 20.1 0.649038
  133 4.55931 20.675 0.667605
  134 4.59372 20.1 0.649038
  135 4.62813 20.775 0.670834
  136 4.66254 21.425 0.691823
  137 4.69695 20.125 0.649845
  138 4.73136 20.475 0.661147
  139 4.76577 20.3 0.655496
  140 4.80018 21.65 0.699088
  141 4.83459 21.125 0.682136
  142 4.869 21.15 0.682943
  143 4.90341 20.45 0.66034
  144 4.93782 20.675 0.667605
  145 4.97223 20.7 0.668412
  146 5.00664 20.35 0.657111
  147 5.04105 19.275 0.622399
  148 5.07546 21.3 0.687787
  149 5.10987 22.25 0.718463
  150 5.14428 20.175 0.65146
  151 5.17869 20.05 0.647424
  152 5.2131 20.325 0.656303
  153 5.24751 22.225 0.717655
  154 5.28192 21.5 0.694245
  155 5.31633 20.8 0.671641
  156 5.35074 21.525 0.695052
  157 5.38515 21.25 0.686172
  158 5.41956 21 0.6781
  159 5.45397 20 0.645809
  160 5.48838 21.925 0.707968
  161 5.52279 21.75 0.702317
  162 5.5572 20.65 0.666798
  163 5.59161 20.875 0.674063
  164 5.62602 20.8 0.671641
  165 5.66043 19.4 0.626435
  166 5.69484 20.375 0.657918
  167 5.72925 20.5 0.661954
  168 5.76366 19.25 0.621591
  169 5.79807 21 0.6781
  170 5.83248 22.275 0.71927
  171 5.86689 21.875 0.706354
  172 5.9013 19.85 0.640966
  173 5.93571 20.35 0.657111
  174 5.97012 20.325 0.656303
  175 6.00453 21.075 0.680521
  176 6.03894 19.575 0.632086
  177 6.07335 20.475 0.661147
  178 6.10776 21.4 0.691016
  179 6.14217 20.325 0.656303
  180 6.17658 20.675 0.667605
  181 6.21099 19.975 0.645002
  182 6.2454 21.875 0.706354
  183 6.27981 19.625 0.6337
  184 6.31422 22.25 0.718463
  185 6.34863 21.525 0.695052
  186 6.38304 22.475 0.725728
  187 6.41745 21.175 0.68375
  188 6.45186 21.3 0.687787
  189 6.48627 22.7 0.732993
  190 6.52067 22 0.71039
  191 6.55508 21.95 0.708775
  192 6.58949 22.2 0.716848
  193 6.6239 21.9 0.707161
  194 6.65831 21.675 0.699896
  195 6.69272 24.325 0.785465
  196 6.72713 22.375 0.722499
  197 6.76154 23.575 0.761247
  198 6.79595 22.05 0.712005
  199 6.83036 22.05 0.712005
  200 6.86477 20.075 0.648231
  201 6.89918 19.95 0.644195
  202 6.93359 18.4 0.594144
  203 6.968 20 0.645809
  204 7.00241 20.75 0.670027
  205 7.03682 19.825 0.640158
  206 7.07123 19.975 0.645002
  207 7.10564 18.85 0.608675
  208 7.14005 19.75 0.637736
  209 7.17446 19.75 0.637736
  210 7.20887 19.35 0.62482
  211 7.24328 19.35 0.62482
  212 7.27769 18.525 0.598181
  213 7.3121 18.175 0.586879
  214 7.34651 17.475 0.564276
  215 7.38092 18.175 0.586879
  216 7.41533 18.425 0.594952
  217 7.44974 18.175 0.586879
  218 7.48415 17.675 0.570734
  219 7.51856 16.5 0.532792
  220 7.55297 16.925 0.546516
  221 7.58738 18.1 0.584457
  222 7.62179 17.075 0.55136
  223 7.6562 17.575 0.567505
  224 7.69061 16.775 0.541672
  225 7.72502 16.925 0.546516
  226 7.75943 16.75 0.540865
  227 7.79384 15.75 0.508575
  228 7.82825 16.25 0.52472
  229 7.86266 15.15 0.4892
  230 7.89707 15.425 0.49808
  231 7.93148 16.05 0.518262
  232 7.96589 14.075 0.454488
  233 8.0003 15.4 0.497273
  234 8.03471 15.525 0.501309
  235 8.06912 16.15 0.521491
  236 8.10353 15.275 0.493237
  237 8.13794 15.25 0.492429
  238 8.17235 15.15 0.4892
  239 8.20676 15.875 0.512611
  240 8.24117 14.9 0.481128
  241 8.27558 15.65 0.505346
  242 8.30999 14.625 0.472248
  243 8.3444 14.65 0.473055
  244 8.37881 13.925 0.449645
  245 8.41322 14.525 0.469019
  246 8.44763 13.6 0.43915
  247 8.48204 14.575 0.470633
  248 8.51645 13.9 0.448837
  249 8.55086 14.05 0.453681
  250 8.58527 16.075 0.519069
  251 8.61968 13.275 0.428656
  252 8.65409 13.775 0.444801
  253 8.6885 13.175 0.425427
  254 8.72291 13.55 0.437536
  255 8.75732 13.05 0.42139
  256 8.79173 13.65 0.440765
  257 8.82614 13.55 0.437536
  258 8.86055 12.35 0.398787
  259 8.89496 13.05 0.42139
  260 8.92937 12.225 0.394751
  261 8.96378 13.225 0.427041
  262 8.99819 13.375 0.431885
  263 9.0326 11.5 0.37134
  264 9.06701 12 0.387485
  265 9.10142 12.65 0.408474
  266 9.13583 12.325 0.39798
  267 9.17024 10.925 0.352773
  268 9.20465 10.95 0.35358
  269 9.23906 10.225 0.33017
  270 9.27347 10.55 0.340664
  271 9.30788 9.75 0.314832
  272 9.34229 10.05 0.324519
  273 9.3767 8.95 0.289
  274 9.41111 9.3 0.300301
  275 9.44552 8.6 0.277698
  276 9.47993 8.5 0.274469
  277 9.51434 8.6 0.277698
  278 9.54875 7.25 0.234106
  279 9.58316 6.675 0.215539
  280 9.61757 6.675 0.215539
  281 9.65198 6.45 0.208273
  282 9.68639 5.425 0.175176
  283 9.7208 4.675 0.150958
  284 9.75521 4.825 0.155801
  285 9.78961 4.575 0.147729
  286 9.82402 3.275 0.105751
  287 9.85843 2.8 0.0904133
  288 9.89284 2.675 0.086377
  289 9.92725 2.45 0.0791116
  290 9.96166 2.675 0.086377
  291 9.99607 2.8 0.0904133
  292 10.0305 3.175 0.102522
  293 10.0649 3.1 0.1001
  294 10.0993 3.45 0.111402
  295 10.1337 2.525 0.0815334
  296 10.1681 2.825 0.0912205
  297 10.2025 3.025 0.0976786
  298 10.2369 2.175 0.0702317
  299 10.2714 2.475 0.0799189
  300 10.3058 1.675 0.0540865
  301 10.3402 1.625 0.052472
  302 10.3746 1.7 0.0548938
  303 10.409 1.25 0.0403631
  304 10.4434 1.275 0.0411703
  305 10.4778 1.05 0.033905
  306 10.5122 0.8 0.0258324
  307 10.5466 1.275 0.0411703
  308 10.581 0.675 0.0217961
  309 10.6155 0.7 0.0226033
  310 10.6499 0.575 0.018567
  311 10.6843 0.65 0.0209888
  312 10.7187 0.425 0.0137234
  313 10.7531 0.5 0.0161452
  314 10.7875 0.3 0.00968714
  315 10.8219 0.3 0.00968714
  316 10.8563 0.225 0.00726535
  317 10.8907 0.225 0.00726535
  318 10.9251 0.2 0.00645809
  319 10.9596 0.2 0.00645809
  320 10.994 0.075 0.00242178
  321 11.0284 0.175 0.00565083
  322 11.0628 0.225 0.00726535
  323 11.0972 0.175 0.00565083
  324 11.1316 0.1 0.00322905
  325 11.166 0.25 0.00807261
  326 11.2004 0.15 0.00484357
  327 11.2348 0.15 0.00484357
  328 11.2692 0.175 0.00565083
  329 11.3037 0.075 0.00242178
  330 11.3381 0.05 0.00161452
  331 11.3725 0.025 0.000807261
  332 11.4069 0 0
  333 11.4413 0.05 0.00161452
  334 11.4757 0 0
  335 11.5101 0 0
  336 11.5445 0 0
  337 11.5789 0 0
  338 11.6133 0 0
  339 11.6477 0 0
  340 11.6822 0 0
  341 11.7166 0 0
  342 11.751 0 0
  343 11.7854 0 0
  344 11.8198 0 0
  345 11.8542 0 0
  346 11.8886 0 0
  347 11.923 0 0
  348 11.9574 0 0
  349 11.9918 0 0
  350 12.0263 0 0
  351 12.0607 0 0
  352 12.0951 0 0
  353 12.1295 0 0
  354 12.1639 0 0
  355 12.1983 0 0
  356 12.2327 0 0
  357 12.2671 0 0
  358 12.3015 0 0
  359 12.3359 0 0
  360 12.3704 0 0
  361 12.4048 0 0
  362 12.4392 0 0
  363 12.4736 0 0
  364 12.508 0 0
  365 12.5424 0 0
  366 12.5768 0 0
  367 12.6112 0 0
  368 12.6456 0 0
  369 12.68 0 0
  370 12.7145 0 0
  371 12.7489 0 0
  372 12.7833 0 0
  373 12.8177 0 0
  374 12.8521 0 0
  375 12.8865 0 0
  376 12.9209 0 0
  377 12.9553 0 0
  378 12.9897 0 0
  379 13.0241 0 0
  380 13.0586 0 0
  381 13.093 0 0
  382 13.1274 0 0
  383 13.1618 0 0
  384 13.1962 0 0
  385 13.2306 0 0
  386 13.265 0 0
  387 13.2994 0 0
  388 13.3338 0 0
  389 13.3682 0 0
  390 13.4027 0 0
  391 13.4371 0 0
  392 13.4715 0 0
  393 13.5059 0 0
  394 13.5403 0 0
  395 13.5747 0 0
  396 13.6091 0 0
  397 13.6435 0 0
  398 13.6779 0 0
  399 13.7123 0 0
  400 13.7468 0 0
  401 13.7812 0 0
  402 13.8156 0 0
  403 13.85 0 0
  404 13.8844 0 0
  405 13.9188 0 0
  406 13.9532 0 0
  407 13.9876 0 0
  408 14.022 0 0
  409 14.0564 0 0
  410 14.0909 0 0
  411 14.1253 0 0
  412 14.1597 0 0
  413 14.1941 0 0
  414 14.2285 0 0
  415 14.2629 0 0
  416 14.2973 0 0
  417 14.3317 0 0
  418 14.3661 0 0
  419 14.4005 0 0
  420 14.435 0 0
  421 14.4694 0 0
  422 14.5038 0 0
  423 14.5382 0 0
  424 14.5726 0 0
  425 14.607 0 0
  426 14.6414 0 0
  427 14.6758 0 0
  428 14.7102 0 0
  429 14.7446 0 0
  430 14.779 0 0
  431 14.8135 0 0
  432 14.8479 0 0
  433 14.8823 0 0
  434 14.9167 0 0
  435 14.9511 0 0
  436 14.9855 0 0
  437 15.0199 0 0
  438 15.0543 0 0
  439 15.0887 0 0
  440 15.1231 0 0
  441 15.1576 0 0
  442 15.192 0 0
  443 15.2264 0 0
  444 15.2608 0 0
  445 15.2952 0 0
  446 15.3296 0 0
  447 15.364 0 0
  448 15.3984 0 0
  449 15.4328 0 0
  450 15.4672 0 0
  451 15.5017 0 0
  452 15.5361 0 0
  453 15.5705 0 0
  454 15.6049 0 0
  455 15.6393 0 0
  456 15.6737 0 0
  457 15.7081 0 0
  458 15.7425 0 0
  459 15.7769 0 0
  460 15.8113 0 0
  461 15.8458 0 0
  462 15.8802 0 0
  463 15.9146 0 0
  464 15.949 0 0
  465 15.9834 0 0
  466 16.0178 0 0
  467 16.0522 0 0
  468 16.0866 0 0
  469 16.121 0 0
  470 16.1554 0 0
  471 16.1899 0 0
  472 16.2243 0 0
  473 16.2587 0 0
  474 16.2931 0 0
  475 16.3275 0 0
  476 16.3619 0 0
  477 16.3963 0 0
  478 16.4307 0 0
  479 16.4651 0 0
  480 16.4995 0 0
  481 16.534 0 0
  482 16.5684 0 0
  483 16.6028 0 0
  484 16.6372 0 0
  485 16.6716 0 0
  486 16.706 0 0
  487 16.7404 0 0
  488 16.7748 0 0
  489 16.8092 0 0
  490 16.8436 0 0
  491 16.8781 0 0
  492 16.9125 0 0
  493 16.9469 0 0
  494 16.9813 0 0
  495 17.0157 0 0
  496 17.0501 0 0
  497 17.0845 0 0
  498 17.1189 0 0
  499 17.1533 0 0
  500 17.1877 0 0
  501 17.2222 0 0
  502 17.2566 0 0
  503 17.291 0 0
  504 17.3254 0 0
  505 17.3598 0 0
  506 17.3942 0 0
  507 17.4286 0 0
  508 17.463 0 0
  509 17.4974 0 0
  510 17.5318 0 0
  511 17.5663 0 0
  512 17.6007 0 0
  513 17.6351 0 0
  514 17.6695 0 0
  515 17.7039 0 0
  516 17.7383 0 0
  517 17.7727 0 0
  518 17.8071 0 0
  519 17.8415 0 0
  520 17.8759 0 0
  521 17.9103 0 0
  522 17.9448 0 0
  523 17.9792 0 0
  524 18.0136 0 0
  525 18.048 0 0
  526 18.0824 0 0
  527 18.1168 0 0
  528 18.1512 0 0
  529 18.1856 0 0
  530 18.22 0 0
  531 18.2544 0 0
  532 18.2889 0 0
  533 18.3233 0 0
  534 18.3577 0 0
  535 18.3921 0 0
  536 18.4265 0 0
  537 18.4609 0 0
  538 18.4953 0 0
  539 18.5297 0 0
  540 18.5641 0 0
  541 18.5985 0 0
  542 18.633 0 0
  543 18.6674 0 0
  544 18.7018 0 0
  545 18.7362 0 0
  546 18.7706 0 0
  547 18.805 0 0
  548 18.8394 0 0
  549 18.8738 0 0
  550 18.9082 0 0
  551 18.9426 0 0
  552 18.9771 0 0
  553 19.0115 0 0
  554 19.0459 0 0
  555 19.0803 0 0
  556 19.1147 0 0
  557 19.1491 0 0
  558 19.1835 0 0
  559 19.2179 0 0
  560 19.2523 0 0
  561 19.2867 0 0
  562 19.3212 0 0
  563 19.3556 0 0
  564 19.39 0 0
  565 19.4244 0 0
  566 19.4588 0 0
  567 19.4932 0 0
  568 19.5276 0 0
  569 19.562 0 0
  570 19.5964 0 0
  571 19.6308 0 0
  572 19.6653 0 0
  573 19.6997 0 0
  574 19.7341 0 0
  575 19.7685 0 0
  576 19.8029 0 0
  577 19.8373 0 0
  578 19.8717 0 0
  579 19.9061 0 0
  580 19.9405 0 0
  581 19.9749 0 0
  582 20.0094 0 0
  583 20.0438 0 0
  584 20.0782 0 0
  585 20.1126 0 0
  586 20.147 0 0
  587 20.1814 0 0
  588 20.2158 0 0
  589 20.2502 0 0
  590 20.2846 0 0
  591 20.319 0 0
  592 20.3535 0 0
  593 20.3879 0 0
  594 20.4223 0 0
  595 20.4567 0 0
  596 20.4911 0 0
  597 20.5255 0 0
  598 20.5599 0 0
  599 20.5943 0 0
  600 20.6287 0 0
  601 20.6631 0 0
  602 20.6976 0 0
  603 20.732 0 0
  604 20.7664 0 0
  605 20.8008 0 0
  606 20.8352 0 0
  607 20.8696 0 0
  608 20.904 0 0
  609 20.9384 0 0
  610 20.9728 0 0
  611 21.0072 0 0
  612 21.0417 0 0
  613 21.0761 0 0
  614 21.1105 0 0
  615 21.1449 0 0
  616 21.1793 0 0
  617 21.2137 0 0
  618 21.2481 0 0
  619 21.2825 0 0
  620 21.3169 0 0
  621 21.3513 0 0
  622 21.3857 0 0
  623 21.4202 0 0
  624 21.4546 0 0
  625 21.489 0 0
  626 21.5234 0 0
  627 21.5578 0 0
  628 21.5922 0 0
  629 21.6266 0 0
  630 21.661 0 0
  631 21.6954 0 0
  632 21.7298 0 0
  633 21.7643 0 0
  634 21.7987 0 0
  635 21.8331 0 0
  636 21.8675 0 0
  637 21.9019 0 0
  638 21.9363 0 0
  639 21.9707 0 0
  640 22.0051 0 0
  641 22.0395 0 0
  642 22.0739 0 0
  643 22.1084 0 0
  644 22.1428 0 0
  645 22.1772 0 0
  646 22.2116 0 0
  647 22.246 0 0
  648 22.2804 0 0
  649 22.3148 0 0
  650 22.3492 0 0
  651 22.3836 0 0
  652 22.418 0 0
  653 22.4525 0 0
  654 22.4869 0 0
  655 22.5213 0 0
  656 22.5557 0 0
  657 22.5901 0 0
  658 22.6245 0 0
  659 22.6589 0 0
  660 22.6933 0 0
  661 22.7277 0 0
  662 22.7621 0 0
  663 22.7966 0 0
  664 22.831 0 0
  665 22.8654 0 0
  666 22.8998 0 0
  667 22.9342 0 0
  668 22.9686 0 0
  669 23.003 0 0
  670 23.0374 0 0
  671 23.0718 0 0
  672 23.1062 0 0
  673 23.1407 0 0
  674 23.1751 0 0
  675 23.2095 0 0
  676 23.2439 0 0
  677 23.2783 0 0
  678 23.3127 0 0
  679 23.3471 0 0
  680 23.3815 0 0
  681 23.4159 0 0
  682 23.4503 0 0
  683 23.4848 0 0
  684 23.5192 0 0
  685 23.5536 0 0
  686 23.588 0 0
  687 23.6224 0 0
  688 23.6568 0 0
  689 23.6912 0 0
  690 23.7256 0 0
  691 23.76 0 0
  692 23.7944 0 0
  693 23.8289 0 0
  694 23.8633 0 0
  695 23.8977 0 0
  696 23.9321 0 0
  697 23.9665 0 0
  698 24.0009 0 0
  699 24.0353 0 0
  700 24.0697 0 0
  701 24.1041 0 0
  702 24.1385 0 0
  703 24.173 0 0
  704 24.2074 0 0
  705 24.2418 0 0
  706 24.2762 0 0
  707 24.3106 0 0
  708 24.345 0 0
  709 24.3794 0 0
  710 24.4138 0 0
  711 24.4482 0 0
  712 24.4826 0 0
  713 24.517 0 0
  714 24.5515 0 0
  715 24.5859 0 0
  716 24.6203 0 0
  717 24.6547 0 0
  718 24.6891 0 0
  719 24.7235 0 0
  720 24.7579 0 0
  721 24.7923 0 0
  722 24.8267 0 0
  723 24.8611 0 0
  724 24.8956 0 0
  725 24.93 0 0
  726 24.9644 0 0
  727 24.9988 0 0
  728 25.0332 0 0
  729 25.0676 0 0
  730 25.102 0 0
  731 25.1364 0 0
  732 25.1708 0 0
  733 25.2052 0 0
  734 25.2397 0 0
  735 25.2741 0 0
  736 25.3085 0 0
  737 25.3429 0 0
  738 25.3773 0 0
  739 25.4117 0 0
  740 25.4461 0 0
  741 25.4805 0 0
  742 25.5149 0 0
  743 25.5493 0 0
  744 25.5838 0 0
  745 25.6182 0 0
  746 25.6526 0 0
  747 25.687 0 0
  748 25.7214 0 0
  749 25.7558 0 0
  750 25.7902 0 0
  751 25.8246 0 0
  752 25.859 0 0
  753 25.8934 0 0
  754 25.9279 0 0
  755 25.9623 0 0
  756 25.9967 0 0
  757 26.0311 0 0
  758 26.0655 0 0
  759 26.0999 0 0
  760 26.1343 0 0
  761 26.1687 0 0
  762 26.2031 0 0
  763 26.2375 0 0
  764 26.272 0 0
  765 26.3064 0 0
  766 26.3408 0 0
  767 26.3752 0 0
  768 26.4096 0 0
  769 26.444 0 0
  770 26.4784 0 0
  771 26.5128 0 0
  772 26.5472 0 0
  773 26.5816 0 0
  774 26.6161 0 0
  775 26.6505 0 0
  776 26.6849 0 0
  777 26.7193 0 0
  778 26.7537 0 0
  779 26.7881 0 0
  780 26.8225 0 0
  781 26.8569 0 0
  782 26.8913 0 0
  783 26.9257 0 0
  784 26.9602 0 0
  785 26.9946 0 0
  786 27.029 0 0
  787 27.0634 0 0
  788 27.0978 0 0
  789 27.1322 0 0
  790 27.1666 0 0
  791 27.201 0 0
  792 27.2354 0 0
  793 27.2698 0 0
  794 27.3043 0 0
  795 27.3387 0 0
  796 27.3731 0 0
  797 27.4075 0 0
  798 27.4419 0 0
  799 27.4763 0 0
  800 27.5107 0 0
  801 27.5451 0 0
  802 27.5795 0 0
  803 27.6139 0 0
  804 27.6484 0 0
  805 27.6828 0 0
  806 27.7172 0 0
  807 27.7516 0 0
  808 27.786 0 0
  809 27.8204 0 0
  810 27.8548 0 0
  811 27.8892 0 0
  812 27.9236 0 0
  813 27.958 0 0
  814 27.9924 0 0
  815 28.0269 0 0
  816 28.0613 0 0
  817 28.0957 0 0
  818 28.1301 0 0
  819 28.1645 0 0
  820 28.1989 0 0
  821 28.2333 0 0
  822 28.2677 0 0
  823 28.3021 0 0
  824 28.3365 0 0
  825 28.371 0 0
  826 28.4054 0 0
  827 28.4398 0 0
  828 28.4742 0 0
  829 28.5086 0 0
  830 28.543 0 0
  831 28.5774 0 0
  832 28.6118 0 0
  833 28.6462 0 0
  834 28.6806 0 0
  835 28.7151 0 0
  836 28.7495 0 0
  837 28.7839 0 0
  838 28.8183 0 0
  839 28.8527 0 0
  840 28.8871 0 0
  841 28.9215 0 0
  842 28.9559 0 0
  843 28.9903 0 0
  844 29.0247 0 0
  845 29.0592 0 0
  846 29.0936 0 0
  847 29.128 0 0
  848 29.1624 0 0
  849 29.1968 0 0
  850 29.2312 0 0
  851 29.2656 0 0
  852 29.3 0 0
  853 29.3344 0 0
  854 29.3688 0 0
  855 29.4033 0 0
  856 29.4377 0 0
  857 29.4721 0 0
  858 29.5065 0 0
  859 29.5409 0 0
  860 29.5753 0 0
  861 29.6097 0 0
  862 29.6441 0 0
  863 29.6785 0 0
  864 29.7129 0 0
  865 29.7474 0 0
  866 29.7818 0 0
  867 29.8162 0 0
  868 29.8506 0 0
  869 29.885 0 0
  870 29.9194 0 0
  871 29.9538 0 0
  872 29.9882 0 0
  873 30.0226 0 0
  874 30.057 0 0
  875 30.0915 0 0
  876 30.1259 0 0
  877 30.1603 0 0
  878 30.1947 0 0
  879 30.2291 0 0
  880 30.2635 0 0
  881 30.2979 0 0
  882 30.3323 0 0
  883 30.3667 0 0
  884 30.4011 0 0
  885 30.4356 0 0
  886 30.47 0 0
  887 30.5044 0 0
  888 30.5388 0 0
  889 30.5732 0 0
  890 30.6076 0 0
  891 30.642 0 0
  892 30.6764 0 0
  893 30.7108 0 0
  894 30.7452 0 0
  895 30.7797 0 0
  896 30.8141 0 0
  897 30.8485 0 0
  898 30.8829 0 0
  899 30.9173 0 0
  900 30.9517 0 0
  901 30.9861 0 0
  902 31.0205 0 0
  903 31.0549 0 0
  904 31.0893 0 0
  905 31.1237 0 0
  906 31.1582 0 0
  907 31.1926 0 0
  908 31.227 0 0
  909 31.2614 0 0
  910 31.2958 0 0
  911 31.3302 0 0
  912 31.3646 0 0
  913 31.399 0 0
  914 31.4334 0 0
  915 31.4678 0 0
  916 31.5023 0 0
  917 31.5367 0 0
  918 31.5711 0 0
  919 31.6055 0 0
  920 31.6399 0 0
  921 31.6743 0 0
  922 31.7087 0 0
  923 31.7431 0 0
  924 31.7775 0 0
  925 31.8119 0 0
  926 31.8464 0 0
  927 31.8808 0 0
  928 31.9152 0 0
  929 31.9496 0 0
  930 31.984 0 0
  931 32.0184 0 0
  932 32.0528 0 0
  933 32.0872 0 0
  934 32.1216 0 0
  935 32.156 0 0
  936 32.1905 0 0
  937 32.2249 0 0
  938 32.2593 0 0
  939 32.2937 0 0
  940 32.3281 0 0
  941 32.3625 0 0
  942 32.3969 0 0
  943 32.4313 0 0
  944 32.4657 0 0
  945 32.5001 0 0
  946 32.5346 0 0
  947 32.569 0 0
  948 32.6034 0 0
  949 32.6378 0 0
  950 32.6722 0 0
  951 32.7066 0 0
  952 32.741 0 0
  953 32.7754 0 0
  954 32.8098 0 0
  955 32.8442 0 0
  956 32.8787 0 0
  957 32.9131 0 0
  958 32.9475 0 0
  959 32.9819 0 0
  960 33.0163 0 0
  961 33.0507 0 0
  962 33.0851 0 0
  963 33.1195 0 0
  964 33.1539 0 0
  965 33.1883 0 0
  966 33.2228 0 0
  967 33.2572 0 0
  968 33.2916 0 0
  969 33.326 0 0
  970 33.3604 0 0
  971 33.3948 0 0
  972 33.4292 0 0
  973 33.4636 0 0
  974 33.498 0 0
  975 33.5324 0 0
  976 33.5669 0 0
  977 33.6013 0 0
  978 33.6357 0 0
  979 33.6701 0 0
  980 33.7045 0 0
  981 33.7389 0 0
  982 33.7733 0 0
  983 33.8077 0 0
  984 33.8421 0 0
  985 33.8765 0 0
  986 33.911 0 0
  987 33.9454 0 0
  988 33.9798 0 0
  989 34.0142 0 0
  990 34.0486 0 0
  991 34.083 0 0
  992 34.1174 0 0
  993 34.1518 0 0
  994 34.1862 0 0
  995 34.2206 0 0
  996 34.255 0 0
  997 34.2895 0 0
  998 34.3239 0 0
  999 34.3583 0 0
  1000 34.3927 0 0
