# Chunk-averaged data for fix bbeads_sdz and group file
# Timestep Number-of-chunks Total-count
# Chunk Coord1 Ncount density/number
16000 1000 1800
  1 0.0172049 0 0
  2 0.0516148 0 0
  3 0.0860247 0 0
  4 0.120435 0 0
  5 0.154845 0 0
  6 0.189254 0 0
  7 0.223664 0 0
  8 0.258074 0 0
  9 0.292484 0 0
  10 0.326894 0 0
  11 0.361304 0 0
  12 0.395714 0 0
  13 0.430124 0 0
  14 0.464534 0 0
  15 0.498943 0 0
  16 0.533353 0 0
  17 0.567763 0 0
  18 0.602173 0 0
  19 0.636583 0 0
  20 0.670993 0 0
  21 0.705403 0 0
  22 0.739813 0 0
  23 0.774223 0 0
  24 0.808633 0 0
  25 0.843042 0 0
  26 0.877452 0 0
  27 0.911862 0 0
  28 0.946272 0 0
  29 0.980682 0 0
  30 1.01509 0 0
  31 1.0495 0 0
  32 1.08391 0 0
  33 1.11832 0 0
  34 1.15273 0 0
  35 1.18714 0 0
  36 1.22155 0 0
  37 1.25596 0 0
  38 1.29037 0 0
  39 1.32478 0 0
  40 1.35919 0 0
  41 1.3936 0 0
  42 1.42801 0 0
  43 1.46242 0 0
  44 1.49683 0 0
  45 1.53124 0 0
  46 1.56565 0 0
  47 1.60006 0 0
  48 1.63447 0 0
  49 1.66888 0 0
  50 1.70329 0 0
  51 1.7377 0 0
  52 1.77211 0 0
  53 1.80652 0 0
  54 1.84093 0 0
  55 1.87534 0 0
  56 1.90975 0 0
  57 1.94416 0 0
  58 1.97857 0 0
  59 2.01298 0 0
  60 2.04739 0 0
  61 2.0818 0 0
  62 2.11621 0 0
  63 2.15062 0 0
  64 2.18503 0 0
  65 2.21944 0 0
  66 2.25385 0 0
  67 2.28826 0 0
  68 2.32267 0 0
  69 2.35708 0.025 0.000807261
  70 2.39149 0.05 0.00161452
  71 2.4259 0.05 0.00161452
  72 2.46031 0.125 0.00403631
  73 2.49472 0.35 0.0113017
  74 2.52913 0.4 0.0129162
  75 2.56354 0.55 0.0177597
  76 2.59795 0.9 0.0290614
  77 2.63236 1.5 0.0484357
  78 2.66677 1.9 0.0613519
  79 2.70118 2.75 0.0887987
  80 2.73559 4.325 0.139656
  81 2.77 4.6 0.148536
  82 2.80441 5.5 0.177597
  83 2.83882 5.625 0.181634
  84 2.87323 6.55 0.211502
  85 2.90764 5.925 0.191321
  86 2.94205 5.65 0.182441
  87 2.97646 4.725 0.152572
  88 3.01087 3.275 0.105751
  89 3.04528 2.55 0.0823407
  90 3.07969 2.375 0.0766898
  91 3.1141 3.225 0.104137
  92 3.14851 3.925 0.12674
  93 3.18292 5.6 0.180827
  94 3.21733 7.85 0.25348
  95 3.25174 11.775 0.38022
  96 3.28614 13.35 0.431078
  97 3.32055 15.4 0.497273
  98 3.35496 17.4 0.561854
  99 3.38937 18.4 0.594144
  100 3.42378 17.475 0.564276
  101 3.45819 16.35 0.527949
  102 3.4926 15.7 0.50696
  103 3.52701 13.375 0.431885
  104 3.56142 12.225 0.394751
  105 3.59583 12.9 0.416547
  106 3.63024 11.725 0.378606
  107 3.66465 12.65 0.408474
  108 3.69906 11.9 0.384256
  109 3.73347 13.275 0.428656
  110 3.76788 12.45 0.402016
  111 3.80229 13.575 0.438343
  112 3.8367 12.825 0.414125
  113 3.87111 12.2 0.393944
  114 3.90552 12.825 0.414125
  115 3.93993 12.25 0.395558
  116 3.97434 11.875 0.383449
  117 4.00875 12.025 0.388293
  118 4.04316 11.575 0.373762
  119 4.07757 12.35 0.398787
  120 4.11198 12.325 0.39798
  121 4.14639 11.55 0.372955
  122 4.1808 12.15 0.392329
  123 4.21521 12.075 0.389907
  124 4.24962 12.475 0.402823
  125 4.28403 12.45 0.402016
  126 4.31844 12.45 0.402016
  127 4.35285 13.55 0.437536
  128 4.38726 13.525 0.436728
  129 4.42167 11.375 0.367304
  130 4.45608 13.05 0.42139
  131 4.49049 12.55 0.405245
  132 4.5249 13.175 0.425427
  133 4.55931 11.8 0.381027
  134 4.59372 10.775 0.34793
  135 4.62813 11.75 0.379413
  136 4.66254 11.375 0.367304
  137 4.69695 10.525 0.339857
  138 4.73136 11.125 0.359231
  139 4.76577 10.4 0.335821
  140 4.80018 9.95 0.32129
  141 4.83459 11.75 0.379413
  142 4.869 10.8 0.348737
  143 4.90341 11.8 0.381027
  144 4.93782 9.9 0.319675
  145 4.97223 10.65 0.343893
  146 5.00664 9.8 0.316446
  147 5.04105 9.875 0.318868
  148 5.07546 10.25 0.330977
  149 5.10987 10 0.322905
  150 5.14428 10.1 0.326134
  151 5.17869 10.225 0.33017
  152 5.2131 10.15 0.327748
  153 5.24751 9.775 0.315639
  154 5.28192 8.975 0.289807
  155 5.31633 9.375 0.302723
  156 5.35074 9.975 0.322097
  157 5.38515 9 0.290614
  158 5.41956 8.65 0.279312
  159 5.45397 9.625 0.310796
  160 5.48838 9.15 0.295458
  161 5.52279 9.85 0.318061
  162 5.5572 8.825 0.284963
  163 5.59161 8.225 0.265589
  164 5.62602 9.425 0.304338
  165 5.66043 8.4 0.27124
  166 5.69484 8.275 0.267204
  167 5.72925 9.675 0.31241
  168 5.76366 8.3 0.268011
  169 5.79807 7.775 0.251058
  170 5.83248 9.4 0.30353
  171 5.86689 8.15 0.263167
  172 5.9013 8.525 0.275276
  173 5.93571 9.025 0.291421
  174 5.97012 7.95 0.256709
  175 6.00453 7.875 0.254287
  176 6.03894 9.1 0.293843
  177 6.07335 7.925 0.255902
  178 6.10776 8.325 0.268818
  179 6.14217 8.45 0.272854
  180 6.17658 7.7 0.248636
  181 6.21099 7.125 0.230069
  182 6.2454 6.95 0.224419
  183 6.27981 7.55 0.243793
  184 6.31422 8.35 0.269625
  185 6.34863 7.75 0.250251
  186 6.38304 7.775 0.251058
  187 6.41745 7.675 0.247829
  188 6.45186 7.375 0.238142
  189 6.48627 7 0.226033
  190 6.52067 7.925 0.255902
  191 6.55508 7.7 0.248636
  192 6.58949 7.025 0.22684
  193 6.6239 7.025 0.22684
  194 6.65831 7.775 0.251058
  195 6.69272 7.775 0.251058
  196 6.72713 6.775 0.218768
  197 6.76154 7.45 0.240564
  198 6.79595 6.925 0.223611
  199 6.83036 7.725 0.249444
  200 6.86477 7.375 0.238142
  201 6.89918 6.975 0.225226
  202 6.93359 7.425 0.239757
  203 6.968 7.1 0.229262
  204 7.00241 6.2 0.200201
  205 7.03682 6.975 0.225226
  206 7.07123 7.75 0.250251
  207 7.10564 6.425 0.207466
  208 7.14005 7.175 0.231684
  209 7.17446 6.2 0.200201
  210 7.20887 6.525 0.210695
  211 7.24328 7.275 0.234913
  212 7.27769 6.575 0.21231
  213 7.3121 6.95 0.224419
  214 7.34651 6.9 0.222804
  215 7.38092 6.825 0.220382
  216 7.41533 7.05 0.227648
  217 7.44974 6.95 0.224419
  218 7.48415 6.9 0.222804
  219 7.51856 5.975 0.192935
  220 7.55297 5.625 0.181634
  221 7.58738 6.025 0.19455
  222 7.62179 6.175 0.199394
  223 7.6562 6.975 0.225226
  224 7.69061 6.35 0.205044
  225 7.72502 6.3 0.20343
  226 7.75943 6.575 0.21231
  227 7.79384 6.9 0.222804
  228 7.82825 6.525 0.210695
  229 7.86266 6.275 0.202623
  230 7.89707 6.025 0.19455
  231 7.93148 6.225 0.201008
  232 7.96589 6.8 0.219575
  233 8.0003 6 0.193743
  234 8.03471 6.2 0.200201
  235 8.06912 6.6 0.213117
  236 8.10353 6 0.193743
  237 8.13794 6.075 0.196165
  238 8.17235 6.4 0.206659
  239 8.20676 5.475 0.17679
  240 8.24117 5.325 0.171947
  241 8.27558 5.825 0.188092
  242 8.30999 5.45 0.175983
  243 8.3444 5.275 0.170332
  244 8.37881 5.625 0.181634
  245 8.41322 4.925 0.15903
  246 8.44763 5.45 0.175983
  247 8.48204 5.375 0.173561
  248 8.51645 4.8 0.154994
  249 8.55086 5.125 0.165489
  250 8.58527 5.075 0.163874
  251 8.61968 5.15 0.166296
  252 8.65409 5.25 0.169525
  253 8.6885 5.1 0.164681
  254 8.72291 5 0.161452
  255 8.75732 4.8 0.154994
  256 8.79173 4.525 0.146114
  257 8.82614 4.975 0.160645
  258 8.86055 4.625 0.149343
  259 8.89496 5.45 0.175983
  260 8.92937 4.7 0.151765
  261 8.96378 4.425 0.142885
  262 8.99819 4.725 0.152572
  263 9.0326 4.4 0.142078
  264 9.06701 4.6 0.148536
  265 9.10142 4.675 0.150958
  266 9.13583 4.6 0.148536
  267 9.17024 4.5 0.145307
  268 9.20465 4.325 0.139656
  269 9.23906 4.525 0.146114
  270 9.27347 4.525 0.146114
  271 9.30788 4.025 0.129969
  272 9.34229 4.3 0.138849
  273 9.3767 3.7 0.119475
  274 9.41111 3.975 0.128355
  275 9.44552 4.325 0.139656
  276 9.47993 3.975 0.128355
  277 9.51434 4 0.129162
  278 9.54875 3.775 0.121896
  279 9.58316 3.825 0.123511
  280 9.61757 3.325 0.107366
  281 9.65198 3.525 0.113824
  282 9.68639 3.45 0.111402
  283 9.7208 3.825 0.123511
  284 9.75521 3.375 0.10898
  285 9.78961 3.1 0.1001
  286 9.82402 3.6 0.116246
  287 9.85843 3.475 0.112209
  288 9.89284 3.05 0.0984859
  289 9.92725 3.425 0.110595
  290 9.96166 3.125 0.100908
  291 9.99607 3.225 0.104137
  292 10.0305 3.3 0.106558
  293 10.0649 3 0.0968714
  294 10.0993 2.55 0.0823407
  295 10.1337 2.925 0.0944496
  296 10.1681 2.95 0.0952568
  297 10.2025 2.9 0.0936423
  298 10.2369 2.975 0.0960641
  299 10.2714 2.575 0.0831479
  300 10.3058 2.875 0.0928351
  301 10.3402 2.975 0.0960641
  302 10.3746 2.4 0.0774971
  303 10.409 2.675 0.086377
  304 10.4434 2.725 0.0879915
  305 10.4778 2.375 0.0766898
  306 10.5122 2.475 0.0799189
  307 10.5466 2.1 0.06781
  308 10.581 2.7 0.0871842
  309 10.6155 2.6 0.0839552
  310 10.6499 2.45 0.0791116
  311 10.6843 2.225 0.0718463
  312 10.7187 2.2 0.071039
  313 10.7531 1.825 0.0589301
  314 10.7875 1.95 0.0629664
  315 10.8219 1.975 0.0637736
  316 10.8563 1.775 0.0573156
  317 10.8907 1.775 0.0573156
  318 10.9251 1.9 0.0613519
  319 10.9596 1.7 0.0548938
  320 10.994 2.05 0.0661954
  321 11.0284 1.6 0.0516647
  322 11.0628 1.9 0.0613519
  323 11.0972 1.6 0.0516647
  324 11.1316 1.85 0.0597373
  325 11.166 1.85 0.0597373
  326 11.2004 1.825 0.0589301
  327 11.2348 1.825 0.0589301
  328 11.2692 1.675 0.0540865
  329 11.3037 2.025 0.0653882
  330 11.3381 1.55 0.0500502
  331 11.3725 1.2 0.0387485
  332 11.4069 1.525 0.0492429
  333 11.4413 1.675 0.0540865
  334 11.4757 1.35 0.0435921
  335 11.5101 1.275 0.0411703
  336 11.5445 1.15 0.037134
  337 11.5789 1.725 0.055701
  338 11.6133 1.35 0.0435921
  339 11.6477 0.9 0.0290614
  340 11.6822 1.225 0.0395558
  341 11.7166 1.225 0.0395558
  342 11.751 1.05 0.033905
  343 11.7854 1.4 0.0452066
  344 11.8198 1.225 0.0395558
  345 11.8542 1 0.0322905
  346 11.8886 0.975 0.0314832
  347 11.923 0.9 0.0290614
  348 11.9574 0.95 0.0306759
  349 11.9918 0.825 0.0266396
  350 12.0263 0.625 0.0201815
  351 12.0607 0.75 0.0242178
  352 12.0951 0.75 0.0242178
  353 12.1295 0.65 0.0209888
  354 12.1639 0.75 0.0242178
  355 12.1983 0.75 0.0242178
  356 12.2327 0.575 0.018567
  357 12.2671 0.725 0.0234106
  358 12.3015 0.425 0.0137234
  359 12.3359 0.425 0.0137234
  360 12.3704 0.325 0.0104944
  361 12.4048 0.525 0.0169525
  362 12.4392 0.4 0.0129162
  363 12.4736 0.3 0.00968714
  364 12.508 0.45 0.0145307
  365 12.5424 0.225 0.00726535
  366 12.5768 0.35 0.0113017
  367 12.6112 0.4 0.0129162
  368 12.6456 0.225 0.00726535
  369 12.68 0.325 0.0104944
  370 12.7145 0.225 0.00726535
  371 12.7489 0.3 0.00968714
  372 12.7833 0.275 0.00887987
  373 12.8177 0.25 0.00807261
  374 12.8521 0.25 0.00807261
  375 12.8865 0.15 0.00484357
  376 12.9209 0.125 0.00403631
  377 12.9553 0.125 0.00403631
  378 12.9897 0.125 0.00403631
  379 13.0241 0.375 0.0121089
  380 13.0586 0.125 0.00403631
  381 13.093 0.2 0.00645809
  382 13.1274 0.05 0.00161452
  383 13.1618 0.125 0.00403631
  384 13.1962 0.075 0.00242178
  385 13.2306 0.15 0.00484357
  386 13.265 0.15 0.00484357
  387 13.2994 0.1 0.00322905
  388 13.3338 0.15 0.00484357
  389 13.3682 0.125 0.00403631
  390 13.4027 0.15 0.00484357
  391 13.4371 0.1 0.00322905
  392 13.4715 0.075 0.00242178
  393 13.5059 0.1 0.00322905
  394 13.5403 0.025 0.000807261
  395 13.5747 0.025 0.000807261
  396 13.6091 0.15 0.00484357
  397 13.6435 0.05 0.00161452
  398 13.6779 0.05 0.00161452
  399 13.7123 0 0
  400 13.7468 0.1 0.00322905
  401 13.7812 0.025 0.000807261
  402 13.8156 0.05 0.00161452
  403 13.85 0.05 0.00161452
  404 13.8844 0.1 0.00322905
  405 13.9188 0.025 0.000807261
  406 13.9532 0.05 0.00161452
  407 13.9876 0 0
  408 14.022 0.025 0.000807261
  409 14.0564 0.025 0.000807261
  410 14.0909 0.025 0.000807261
  411 14.1253 0 0
  412 14.1597 0.05 0.00161452
  413 14.1941 0.025 0.000807261
  414 14.2285 0 0
  415 14.2629 0 0
  416 14.2973 0 0
  417 14.3317 0 0
  418 14.3661 0 0
  419 14.4005 0 0
  420 14.435 0.025 0.000807261
  421 14.4694 0 0
  422 14.5038 0 0
  423 14.5382 0 0
  424 14.5726 0 0
  425 14.607 0 0
  426 14.6414 0 0
  427 14.6758 0 0
  428 14.7102 0 0
  429 14.7446 0 0
  430 14.779 0 0
  431 14.8135 0 0
  432 14.8479 0 0
  433 14.8823 0 0
  434 14.9167 0 0
  435 14.9511 0 0
  436 14.9855 0 0
  437 15.0199 0 0
  438 15.0543 0 0
  439 15.0887 0 0
  440 15.1231 0 0
  441 15.1576 0 0
  442 15.192 0 0
  443 15.2264 0 0
  444 15.2608 0 0
  445 15.2952 0 0
  446 15.3296 0 0
  447 15.364 0 0
  448 15.3984 0 0
  449 15.4328 0 0
  450 15.4672 0 0
  451 15.5017 0 0
  452 15.5361 0 0
  453 15.5705 0 0
  454 15.6049 0 0
  455 15.6393 0 0
  456 15.6737 0 0
  457 15.7081 0 0
  458 15.7425 0 0
  459 15.7769 0 0
  460 15.8113 0 0
  461 15.8458 0 0
  462 15.8802 0 0
  463 15.9146 0 0
  464 15.949 0 0
  465 15.9834 0 0
  466 16.0178 0 0
  467 16.0522 0 0
  468 16.0866 0 0
  469 16.121 0 0
  470 16.1554 0 0
  471 16.1899 0 0
  472 16.2243 0 0
  473 16.2587 0 0
  474 16.2931 0 0
  475 16.3275 0 0
  476 16.3619 0 0
  477 16.3963 0 0
  478 16.4307 0 0
  479 16.4651 0 0
  480 16.4995 0 0
  481 16.534 0 0
  482 16.5684 0 0
  483 16.6028 0 0
  484 16.6372 0 0
  485 16.6716 0 0
  486 16.706 0 0
  487 16.7404 0 0
  488 16.7748 0 0
  489 16.8092 0 0
  490 16.8436 0 0
  491 16.8781 0 0
  492 16.9125 0 0
  493 16.9469 0 0
  494 16.9813 0 0
  495 17.0157 0 0
  496 17.0501 0 0
  497 17.0845 0 0
  498 17.1189 0 0
  499 17.1533 0 0
  500 17.1877 0 0
  501 17.2222 0 0
  502 17.2566 0 0
  503 17.291 0 0
  504 17.3254 0 0
  505 17.3598 0 0
  506 17.3942 0 0
  507 17.4286 0 0
  508 17.463 0 0
  509 17.4974 0 0
  510 17.5318 0 0
  511 17.5663 0 0
  512 17.6007 0 0
  513 17.6351 0 0
  514 17.6695 0 0
  515 17.7039 0 0
  516 17.7383 0 0
  517 17.7727 0 0
  518 17.8071 0 0
  519 17.8415 0 0
  520 17.8759 0 0
  521 17.9103 0 0
  522 17.9448 0 0
  523 17.9792 0 0
  524 18.0136 0 0
  525 18.048 0 0
  526 18.0824 0 0
  527 18.1168 0 0
  528 18.1512 0 0
  529 18.1856 0 0
  530 18.22 0 0
  531 18.2544 0 0
  532 18.2889 0 0
  533 18.3233 0 0
  534 18.3577 0 0
  535 18.3921 0 0
  536 18.4265 0 0
  537 18.4609 0 0
  538 18.4953 0 0
  539 18.5297 0 0
  540 18.5641 0 0
  541 18.5985 0 0
  542 18.633 0 0
  543 18.6674 0 0
  544 18.7018 0 0
  545 18.7362 0 0
  546 18.7706 0 0
  547 18.805 0 0
  548 18.8394 0 0
  549 18.8738 0 0
  550 18.9082 0 0
  551 18.9426 0 0
  552 18.9771 0 0
  553 19.0115 0 0
  554 19.0459 0 0
  555 19.0803 0 0
  556 19.1147 0 0
  557 19.1491 0 0
  558 19.1835 0 0
  559 19.2179 0 0
  560 19.2523 0 0
  561 19.2867 0 0
  562 19.3212 0 0
  563 19.3556 0 0
  564 19.39 0 0
  565 19.4244 0 0
  566 19.4588 0 0
  567 19.4932 0 0
  568 19.5276 0 0
  569 19.562 0 0
  570 19.5964 0 0
  571 19.6308 0 0
  572 19.6653 0 0
  573 19.6997 0 0
  574 19.7341 0 0
  575 19.7685 0 0
  576 19.8029 0 0
  577 19.8373 0 0
  578 19.8717 0 0
  579 19.9061 0 0
  580 19.9405 0 0
  581 19.9749 0 0
  582 20.0094 0 0
  583 20.0438 0 0
  584 20.0782 0 0
  585 20.1126 0 0
  586 20.147 0 0
  587 20.1814 0 0
  588 20.2158 0 0
  589 20.2502 0 0
  590 20.2846 0 0
  591 20.319 0 0
  592 20.3535 0 0
  593 20.3879 0 0
  594 20.4223 0 0
  595 20.4567 0 0
  596 20.4911 0 0
  597 20.5255 0 0
  598 20.5599 0 0
  599 20.5943 0 0
  600 20.6287 0 0
  601 20.6631 0 0
  602 20.6976 0 0
  603 20.732 0 0
  604 20.7664 0 0
  605 20.8008 0 0
  606 20.8352 0 0
  607 20.8696 0 0
  608 20.904 0 0
  609 20.9384 0 0
  610 20.9728 0 0
  611 21.0072 0 0
  612 21.0417 0 0
  613 21.0761 0 0
  614 21.1105 0 0
  615 21.1449 0 0
  616 21.1793 0 0
  617 21.2137 0 0
  618 21.2481 0 0
  619 21.2825 0 0
  620 21.3169 0 0
  621 21.3513 0 0
  622 21.3857 0 0
  623 21.4202 0 0
  624 21.4546 0 0
  625 21.489 0 0
  626 21.5234 0 0
  627 21.5578 0 0
  628 21.5922 0 0
  629 21.6266 0 0
  630 21.661 0 0
  631 21.6954 0 0
  632 21.7298 0 0
  633 21.7643 0 0
  634 21.7987 0 0
  635 21.8331 0 0
  636 21.8675 0 0
  637 21.9019 0 0
  638 21.9363 0 0
  639 21.9707 0 0
  640 22.0051 0 0
  641 22.0395 0 0
  642 22.0739 0 0
  643 22.1084 0 0
  644 22.1428 0 0
  645 22.1772 0 0
  646 22.2116 0 0
  647 22.246 0 0
  648 22.2804 0 0
  649 22.3148 0 0
  650 22.3492 0 0
  651 22.3836 0 0
  652 22.418 0 0
  653 22.4525 0 0
  654 22.4869 0 0
  655 22.5213 0 0
  656 22.5557 0 0
  657 22.5901 0 0
  658 22.6245 0 0
  659 22.6589 0 0
  660 22.6933 0 0
  661 22.7277 0 0
  662 22.7621 0 0
  663 22.7966 0 0
  664 22.831 0 0
  665 22.8654 0 0
  666 22.8998 0 0
  667 22.9342 0 0
  668 22.9686 0 0
  669 23.003 0 0
  670 23.0374 0 0
  671 23.0718 0 0
  672 23.1062 0 0
  673 23.1407 0 0
  674 23.1751 0 0
  675 23.2095 0 0
  676 23.2439 0 0
  677 23.2783 0 0
  678 23.3127 0 0
  679 23.3471 0 0
  680 23.3815 0 0
  681 23.4159 0 0
  682 23.4503 0 0
  683 23.4848 0 0
  684 23.5192 0 0
  685 23.5536 0 0
  686 23.588 0 0
  687 23.6224 0 0
  688 23.6568 0 0
  689 23.6912 0 0
  690 23.7256 0 0
  691 23.76 0 0
  692 23.7944 0 0
  693 23.8289 0 0
  694 23.8633 0 0
  695 23.8977 0 0
  696 23.9321 0 0
  697 23.9665 0 0
  698 24.0009 0 0
  699 24.0353 0 0
  700 24.0697 0 0
  701 24.1041 0 0
  702 24.1385 0 0
  703 24.173 0 0
  704 24.2074 0 0
  705 24.2418 0 0
  706 24.2762 0 0
  707 24.3106 0 0
  708 24.345 0 0
  709 24.3794 0 0
  710 24.4138 0 0
  711 24.4482 0 0
  712 24.4826 0 0
  713 24.517 0 0
  714 24.5515 0 0
  715 24.5859 0 0
  716 24.6203 0 0
  717 24.6547 0 0
  718 24.6891 0 0
  719 24.7235 0 0
  720 24.7579 0 0
  721 24.7923 0 0
  722 24.8267 0 0
  723 24.8611 0 0
  724 24.8956 0 0
  725 24.93 0 0
  726 24.9644 0 0
  727 24.9988 0 0
  728 25.0332 0 0
  729 25.0676 0 0
  730 25.102 0 0
  731 25.1364 0 0
  732 25.1708 0 0
  733 25.2052 0 0
  734 25.2397 0 0
  735 25.2741 0 0
  736 25.3085 0 0
  737 25.3429 0 0
  738 25.3773 0 0
  739 25.4117 0 0
  740 25.4461 0 0
  741 25.4805 0 0
  742 25.5149 0 0
  743 25.5493 0 0
  744 25.5838 0 0
  745 25.6182 0 0
  746 25.6526 0 0
  747 25.687 0 0
  748 25.7214 0 0
  749 25.7558 0 0
  750 25.7902 0 0
  751 25.8246 0 0
  752 25.859 0 0
  753 25.8934 0 0
  754 25.9279 0 0
  755 25.9623 0 0
  756 25.9967 0 0
  757 26.0311 0 0
  758 26.0655 0 0
  759 26.0999 0 0
  760 26.1343 0 0
  761 26.1687 0 0
  762 26.2031 0 0
  763 26.2375 0 0
  764 26.272 0 0
  765 26.3064 0 0
  766 26.3408 0 0
  767 26.3752 0 0
  768 26.4096 0 0
  769 26.444 0 0
  770 26.4784 0 0
  771 26.5128 0 0
  772 26.5472 0 0
  773 26.5816 0 0
  774 26.6161 0 0
  775 26.6505 0 0
  776 26.6849 0 0
  777 26.7193 0 0
  778 26.7537 0 0
  779 26.7881 0 0
  780 26.8225 0 0
  781 26.8569 0 0
  782 26.8913 0 0
  783 26.9257 0 0
  784 26.9602 0 0
  785 26.9946 0 0
  786 27.029 0 0
  787 27.0634 0 0
  788 27.0978 0 0
  789 27.1322 0 0
  790 27.1666 0 0
  791 27.201 0 0
  792 27.2354 0 0
  793 27.2698 0 0
  794 27.3043 0 0
  795 27.3387 0 0
  796 27.3731 0 0
  797 27.4075 0 0
  798 27.4419 0 0
  799 27.4763 0 0
  800 27.5107 0 0
  801 27.5451 0 0
  802 27.5795 0 0
  803 27.6139 0 0
  804 27.6484 0 0
  805 27.6828 0 0
  806 27.7172 0 0
  807 27.7516 0 0
  808 27.786 0 0
  809 27.8204 0 0
  810 27.8548 0 0
  811 27.8892 0 0
  812 27.9236 0 0
  813 27.958 0 0
  814 27.9924 0 0
  815 28.0269 0 0
  816 28.0613 0 0
  817 28.0957 0 0
  818 28.1301 0 0
  819 28.1645 0 0
  820 28.1989 0 0
  821 28.2333 0 0
  822 28.2677 0 0
  823 28.3021 0 0
  824 28.3365 0 0
  825 28.371 0 0
  826 28.4054 0 0
  827 28.4398 0 0
  828 28.4742 0 0
  829 28.5086 0 0
  830 28.543 0 0
  831 28.5774 0 0
  832 28.6118 0 0
  833 28.6462 0 0
  834 28.6806 0 0
  835 28.7151 0 0
  836 28.7495 0 0
  837 28.7839 0 0
  838 28.8183 0 0
  839 28.8527 0 0
  840 28.8871 0 0
  841 28.9215 0 0
  842 28.9559 0 0
  843 28.9903 0 0
  844 29.0247 0 0
  845 29.0592 0 0
  846 29.0936 0 0
  847 29.128 0 0
  848 29.1624 0 0
  849 29.1968 0 0
  850 29.2312 0 0
  851 29.2656 0 0
  852 29.3 0 0
  853 29.3344 0 0
  854 29.3688 0 0
  855 29.4033 0 0
  856 29.4377 0 0
  857 29.4721 0 0
  858 29.5065 0 0
  859 29.5409 0 0
  860 29.5753 0 0
  861 29.6097 0 0
  862 29.6441 0 0
  863 29.6785 0 0
  864 29.7129 0 0
  865 29.7474 0 0
  866 29.7818 0 0
  867 29.8162 0 0
  868 29.8506 0 0
  869 29.885 0 0
  870 29.9194 0 0
  871 29.9538 0 0
  872 29.9882 0 0
  873 30.0226 0 0
  874 30.057 0 0
  875 30.0915 0 0
  876 30.1259 0 0
  877 30.1603 0 0
  878 30.1947 0 0
  879 30.2291 0 0
  880 30.2635 0 0
  881 30.2979 0 0
  882 30.3323 0 0
  883 30.3667 0 0
  884 30.4011 0 0
  885 30.4356 0 0
  886 30.47 0 0
  887 30.5044 0 0
  888 30.5388 0 0
  889 30.5732 0 0
  890 30.6076 0 0
  891 30.642 0 0
  892 30.6764 0 0
  893 30.7108 0 0
  894 30.7452 0 0
  895 30.7797 0 0
  896 30.8141 0 0
  897 30.8485 0 0
  898 30.8829 0 0
  899 30.9173 0 0
  900 30.9517 0 0
  901 30.9861 0 0
  902 31.0205 0 0
  903 31.0549 0 0
  904 31.0893 0 0
  905 31.1237 0 0
  906 31.1582 0 0
  907 31.1926 0 0
  908 31.227 0 0
  909 31.2614 0 0
  910 31.2958 0 0
  911 31.3302 0 0
  912 31.3646 0 0
  913 31.399 0 0
  914 31.4334 0 0
  915 31.4678 0 0
  916 31.5023 0 0
  917 31.5367 0 0
  918 31.5711 0 0
  919 31.6055 0 0
  920 31.6399 0 0
  921 31.6743 0 0
  922 31.7087 0 0
  923 31.7431 0 0
  924 31.7775 0 0
  925 31.8119 0 0
  926 31.8464 0 0
  927 31.8808 0 0
  928 31.9152 0 0
  929 31.9496 0 0
  930 31.984 0 0
  931 32.0184 0 0
  932 32.0528 0 0
  933 32.0872 0 0
  934 32.1216 0 0
  935 32.156 0 0
  936 32.1905 0 0
  937 32.2249 0 0
  938 32.2593 0 0
  939 32.2937 0 0
  940 32.3281 0 0
  941 32.3625 0 0
  942 32.3969 0 0
  943 32.4313 0 0
  944 32.4657 0 0
  945 32.5001 0 0
  946 32.5346 0 0
  947 32.569 0 0
  948 32.6034 0 0
  949 32.6378 0 0
  950 32.6722 0 0
  951 32.7066 0 0
  952 32.741 0 0
  953 32.7754 0 0
  954 32.8098 0 0
  955 32.8442 0 0
  956 32.8787 0 0
  957 32.9131 0 0
  958 32.9475 0 0
  959 32.9819 0 0
  960 33.0163 0 0
  961 33.0507 0 0
  962 33.0851 0 0
  963 33.1195 0 0
  964 33.1539 0 0
  965 33.1883 0 0
  966 33.2228 0 0
  967 33.2572 0 0
  968 33.2916 0 0
  969 33.326 0 0
  970 33.3604 0 0
  971 33.3948 0 0
  972 33.4292 0 0
  973 33.4636 0 0
  974 33.498 0 0
  975 33.5324 0 0
  976 33.5669 0 0
  977 33.6013 0 0
  978 33.6357 0 0
  979 33.6701 0 0
  980 33.7045 0 0
  981 33.7389 0 0
  982 33.7733 0 0
  983 33.8077 0 0
  984 33.8421 0 0
  985 33.8765 0 0
  986 33.911 0 0
  987 33.9454 0 0
  988 33.9798 0 0
  989 34.0142 0 0
  990 34.0486 0 0
  991 34.083 0 0
  992 34.1174 0 0
  993 34.1518 0 0
  994 34.1862 0 0
  995 34.2206 0 0
  996 34.255 0 0
  997 34.2895 0 0
  998 34.3239 0 0
  999 34.3583 0 0
  1000 34.3927 0 0
20000 1000 1800
  1 0.0172049 0 0
  2 0.0516148 0 0
  3 0.0860247 0 0
  4 0.120435 0 0
  5 0.154845 0 0
  6 0.189254 0 0
  7 0.223664 0 0
  8 0.258074 0 0
  9 0.292484 0 0
  10 0.326894 0 0
  11 0.361304 0 0
  12 0.395714 0 0
  13 0.430124 0 0
  14 0.464534 0 0
  15 0.498943 0 0
  16 0.533353 0 0
  17 0.567763 0 0
  18 0.602173 0 0
  19 0.636583 0 0
  20 0.670993 0 0
  21 0.705403 0 0
  22 0.739813 0 0
  23 0.774223 0 0
  24 0.808633 0 0
  25 0.843042 0 0
  26 0.877452 0 0
  27 0.911862 0 0
  28 0.946272 0 0
  29 0.980682 0 0
  30 1.01509 0 0
  31 1.0495 0 0
  32 1.08391 0 0
  33 1.11832 0 0
  34 1.15273 0 0
  35 1.18714 0 0
  36 1.22155 0 0
  37 1.25596 0 0
  38 1.29037 0 0
  39 1.32478 0 0
  40 1.35919 0 0
  41 1.3936 0 0
  42 1.42801 0 0
  43 1.46242 0 0
  44 1.49683 0 0
  45 1.53124 0 0
  46 1.56565 0 0
  47 1.60006 0 0
  48 1.63447 0 0
  49 1.66888 0 0
  50 1.70329 0 0
  51 1.7377 0 0
  52 1.77211 0 0
  53 1.80652 0 0
  54 1.84093 0 0
  55 1.87534 0 0
  56 1.90975 0 0
  57 1.94416 0 0
  58 1.97857 0 0
  59 2.01298 0 0
  60 2.04739 0 0
  61 2.0818 0 0
  62 2.11621 0 0
  63 2.15062 0 0
  64 2.18503 0 0
  65 2.21944 0 0
  66 2.25385 0 0
  67 2.28826 0 0
  68 2.32267 0 0
  69 2.35708 0 0
  70 2.39149 0.075 0.00242178
  71 2.4259 0.075 0.00242178
  72 2.46031 0.075 0.00242178
  73 2.49472 0.275 0.00887987
  74 2.52913 0.4 0.0129162
  75 2.56354 0.525 0.0169525
  76 2.59795 0.8 0.0258324
  77 2.63236 1.425 0.0460139
  78 2.66677 2.425 0.0783044
  79 2.70118 2.775 0.089606
  80 2.73559 3.475 0.112209
  81 2.77 4.65 0.150151
  82 2.80441 4.9 0.158223
  83 2.83882 5.95 0.192128
  84 2.87323 7 0.226033
  85 2.90764 6.125 0.197779
  86 2.94205 5.2 0.16791
  87 2.97646 4 0.129162
  88 3.01087 3.175 0.102522
  89 3.04528 3 0.0968714
  90 3.07969 2.5 0.0807261
  91 3.1141 1.975 0.0637736
  92 3.14851 2.75 0.0887987
  93 3.18292 4.875 0.157416
  94 3.21733 7.425 0.239757
  95 3.25174 10.975 0.354388
  96 3.28614 13.25 0.427849
  97 3.32055 16.15 0.521491
  98 3.35496 18.55 0.598988
  99 3.38937 19.875 0.641773
  100 3.42378 20.05 0.647424
  101 3.45819 20.5 0.661954
  102 3.4926 19.575 0.632086
  103 3.52701 19 0.613519
  104 3.56142 19.35 0.62482
  105 3.59583 19.6 0.632893
  106 3.63024 17.65 0.569927
  107 3.66465 17.275 0.557818
  108 3.69906 18.8 0.607061
  109 3.73347 19.1 0.616748
  110 3.76788 18.125 0.585264
  111 3.80229 17.775 0.573963
  112 3.8367 16.9 0.545709
  113 3.87111 16.35 0.527949
  114 3.90552 17.225 0.556203
  115 3.93993 16.8 0.54248
  116 3.97434 16.325 0.527142
  117 4.00875 16.5 0.532792
  118 4.04316 16.075 0.519069
  119 4.07757 14.275 0.460946
  120 4.11198 15.925 0.514225
  121 4.14639 14.25 0.460139
  122 4.1808 14.225 0.459332
  123 4.21521 15.35 0.495658
  124 4.24962 15.6 0.503731
  125 4.28403 15.15 0.4892
  126 4.31844 14.85 0.479513
  127 4.35285 16.525 0.5336
  128 4.38726 15.1 0.487586
  129 4.42167 15.275 0.493237
  130 4.45608 14.55 0.469826
  131 4.49049 15.425 0.49808
  132 4.5249 15 0.484357
  133 4.55931 14.75 0.476284
  134 4.59372 14.5 0.468212
  135 4.62813 14.725 0.475477
  136 4.66254 15.075 0.486779
  137 4.69695 14.3 0.461753
  138 4.73136 15.325 0.494851
  139 4.76577 14.825 0.478706
  140 4.80018 13.65 0.440765
  141 4.83459 13.1 0.423005
  142 4.869 15.375 0.496466
  143 4.90341 14.325 0.462561
  144 4.93782 13.625 0.439957
  145 4.97223 12.725 0.410896
  146 5.00664 13.225 0.427041
  147 5.04105 12.8 0.413318
  148 5.07546 12.725 0.410896
  149 5.10987 12.75 0.411703
  150 5.14428 12.15 0.392329
  151 5.17869 12.6 0.40686
  152 5.2131 12.85 0.414932
  153 5.24751 12.4 0.400402
  154 5.28192 12.275 0.396365
  155 5.31633 11.65 0.376184
  156 5.35074 11.4 0.368111
  157 5.38515 11.95 0.385871
  158 5.41956 11.975 0.386678
  159 5.45397 10.8 0.348737
  160 5.48838 12 0.387485
  161 5.52279 11.3 0.364882
  162 5.5572 11.6 0.374569
  163 5.59161 10.725 0.346315
  164 5.62602 10.6 0.342279
  165 5.66043 11.625 0.375377
  166 5.69484 11.05 0.35681
  167 5.72925 10.075 0.325326
  168 5.76366 11.725 0.378606
  169 5.79807 10.7 0.345508
  170 5.83248 10.675 0.344701
  171 5.86689 10.325 0.333399
  172 5.9013 10.55 0.340664
  173 5.93571 10.45 0.337435
  174 5.97012 9.225 0.297879
  175 6.00453 10.1 0.326134
  176 6.03894 9.475 0.305952
  177 6.07335 9.95 0.32129
  178 6.10776 9.675 0.31241
  179 6.14217 9.175 0.296265
  180 6.17658 10.05 0.324519
  181 6.21099 9.225 0.297879
  182 6.2454 8.775 0.283349
  183 6.27981 8.875 0.286578
  184 6.31422 8.825 0.284963
  185 6.34863 8.5 0.274469
  186 6.38304 8.6 0.277698
  187 6.41745 8.525 0.275276
  188 6.45186 8.125 0.26236
  189 6.48627 8.275 0.267204
  190 6.52067 8.625 0.278505
  191 6.55508 7.675 0.247829
  192 6.58949 8.325 0.268818
  193 6.6239 7.95 0.256709
  194 6.65831 7.55 0.243793
  195 6.69272 7.85 0.25348
  196 6.72713 7.9 0.255095
  197 6.76154 7.3 0.23572
  198 6.79595 7.525 0.242986
  199 6.83036 7.625 0.246215
  200 6.86477 6.925 0.223611
  201 6.89918 6.75 0.217961
  202 6.93359 7.85 0.25348
  203 6.968 7.5 0.242178
  204 7.00241 6.7 0.216346
  205 7.03682 6.575 0.21231
  206 7.07123 6.525 0.210695
  207 7.10564 6.55 0.211502
  208 7.14005 6.725 0.217153
  209 7.17446 7.025 0.22684
  210 7.20887 6.025 0.19455
  211 7.24328 6.15 0.198586
  212 7.27769 5.7 0.184056
  213 7.3121 6.175 0.199394
  214 7.34651 5.675 0.183248
  215 7.38092 5.75 0.18567
  216 7.41533 5.725 0.184863
  217 7.44974 5.425 0.175176
  218 7.48415 5.4 0.174368
  219 7.51856 5.125 0.165489
  220 7.55297 5.4 0.174368
  221 7.58738 5.275 0.170332
  222 7.62179 5.1 0.164681
  223 7.6562 5.1 0.164681
  224 7.69061 5.1 0.164681
  225 7.72502 4.975 0.160645
  226 7.75943 5.35 0.172754
  227 7.79384 4.35 0.140463
  228 7.82825 4.8 0.154994
  229 7.86266 5 0.161452
  230 7.89707 4.275 0.138042
  231 7.93148 4.625 0.149343
  232 7.96589 4.825 0.155801
  233 8.0003 3.75 0.121089
  234 8.03471 4.375 0.141271
  235 8.06912 4.1 0.132391
  236 8.10353 4.3 0.138849
  237 8.13794 4.525 0.146114
  238 8.17235 3.85 0.124318
  239 8.20676 4.725 0.152572
  240 8.24117 4.075 0.131584
  241 8.27558 4.075 0.131584
  242 8.30999 3.85 0.124318
  243 8.3444 3.3 0.106558
  244 8.37881 3.45 0.111402
  245 8.41322 3.975 0.128355
  246 8.44763 3.425 0.110595
  247 8.48204 2.875 0.0928351
  248 8.51645 2.875 0.0928351
  249 8.55086 3.475 0.112209
  250 8.58527 3.075 0.0992931
  251 8.61968 2.975 0.0960641
  252 8.65409 3.075 0.0992931
  253 8.6885 3.125 0.100908
  254 8.72291 2.45 0.0791116
  255 8.75732 3.025 0.0976786
  256 8.79173 2.775 0.089606
  257 8.82614 2.425 0.0783044
  258 8.86055 2.75 0.0887987
  259 8.89496 2.4 0.0774971
  260 8.92937 2.4 0.0774971
  261 8.96378 2.675 0.086377
  262 8.99819 2.475 0.0799189
  263 9.0326 2.1 0.06781
  264 9.06701 2.275 0.0734608
  265 9.10142 2.3 0.074268
  266 9.13583 2.6 0.0839552
  267 9.17024 1.75 0.0565083
  268 9.20465 2.075 0.0670027
  269 9.23906 2.175 0.0702317
  270 9.27347 2.05 0.0661954
  271 9.30788 1.75 0.0565083
  272 9.34229 2.05 0.0661954
  273 9.3767 2.1 0.06781
  274 9.41111 1.675 0.0540865
  275 9.44552 1.825 0.0589301
  276 9.47993 1.5 0.0484357
  277 9.51434 1.3 0.0419776
  278 9.54875 1.825 0.0589301
  279 9.58316 1.525 0.0492429
  280 9.61757 1.65 0.0532792
  281 9.65198 1.3 0.0419776
  282 9.68639 1.45 0.0468212
  283 9.7208 1.475 0.0476284
  284 9.75521 1.175 0.0379413
  285 9.78961 0.675 0.0217961
  286 9.82402 1.175 0.0379413
  287 9.85843 0.85 0.0274469
  288 9.89284 0.95 0.0306759
  289 9.92725 1 0.0322905
  290 9.96166 1.075 0.0347122
  291 9.99607 0.8 0.0258324
  292 10.0305 0.75 0.0242178
  293 10.0649 0.925 0.0298687
  294 10.0993 1.025 0.0330977
  295 10.1337 0.725 0.0234106
  296 10.1681 0.65 0.0209888
  297 10.2025 0.375 0.0121089
  298 10.2369 0.925 0.0298687
  299 10.2714 0.625 0.0201815
  300 10.3058 0.9 0.0290614
  301 10.3402 0.7 0.0226033
  302 10.3746 0.65 0.0209888
  303 10.409 0.425 0.0137234
  304 10.4434 0.45 0.0145307
  305 10.4778 0.525 0.0169525
  306 10.5122 0.5 0.0161452
  307 10.5466 0.45 0.0145307
  308 10.581 0.525 0.0169525
  309 10.6155 0.5 0.0161452
  310 10.6499 0.4 0.0129162
  311 10.6843 0.375 0.0121089
  312 10.7187 0.6 0.0193743
  313 10.7531 0.275 0.00887987
  314 10.7875 0.35 0.0113017
  315 10.8219 0.45 0.0145307
  316 10.8563 0.275 0.00887987
  317 10.8907 0.275 0.00887987
  318 10.9251 0.3 0.00968714
  319 10.9596 0.375 0.0121089
  320 10.994 0.3 0.00968714
  321 11.0284 0.375 0.0121089
  322 11.0628 0.15 0.00484357
  323 11.0972 0.3 0.00968714
  324 11.1316 0.125 0.00403631
  325 11.166 0.175 0.00565083
  326 11.2004 0.2 0.00645809
  327 11.2348 0.1 0.00322905
  328 11.2692 0.075 0.00242178
  329 11.3037 0.175 0.00565083
  330 11.3381 0.125 0.00403631
  331 11.3725 0.05 0.00161452
  332 11.4069 0.075 0.00242178
  333 11.4413 0.15 0.00484357
  334 11.4757 0.15 0.00484357
  335 11.5101 0.125 0.00403631
  336 11.5445 0.075 0.00242178
  337 11.5789 0.1 0.00322905
  338 11.6133 0.025 0.000807261
  339 11.6477 0.075 0.00242178
  340 11.6822 0.025 0.000807261
  341 11.7166 0 0
  342 11.751 0.025 0.000807261
  343 11.7854 0 0
  344 11.8198 0.05 0.00161452
  345 11.8542 0.025 0.000807261
  346 11.8886 0.025 0.000807261
  347 11.923 0.025 0.000807261
  348 11.9574 0 0
  349 11.9918 0 0
  350 12.0263 0 0
  351 12.0607 0 0
  352 12.0951 0 0
  353 12.1295 0 0
  354 12.1639 0 0
  355 12.1983 0 0
  356 12.2327 0 0
  357 12.2671 0 0
  358 12.3015 0 0
  359 12.3359 0 0
  360 12.3704 0 0
  361 12.4048 0 0
  362 12.4392 0 0
  363 12.4736 0 0
  364 12.508 0 0
  365 12.5424 0 0
  366 12.5768 0 0
  367 12.6112 0 0
  368 12.6456 0 0
  369 12.68 0 0
  370 12.7145 0 0
  371 12.7489 0 0
  372 12.7833 0 0
  373 12.8177 0 0
  374 12.8521 0 0
  375 12.8865 0 0
  376 12.9209 0 0
  377 12.9553 0 0
  378 12.9897 0 0
  379 13.0241 0 0
  380 13.0586 0 0
  381 13.093 0 0
  382 13.1274 0 0
  383 13.1618 0 0
  384 13.1962 0 0
  385 13.2306 0 0
  386 13.265 0 0
  387 13.2994 0 0
  388 13.3338 0 0
  389 13.3682 0 0
  390 13.4027 0 0
  391 13.4371 0 0
  392 13.4715 0 0
  393 13.5059 0 0
  394 13.5403 0 0
  395 13.5747 0 0
  396 13.6091 0 0
  397 13.6435 0 0
  398 13.6779 0 0
  399 13.7123 0 0
  400 13.7468 0 0
  401 13.7812 0 0
  402 13.8156 0 0
  403 13.85 0 0
  404 13.8844 0 0
  405 13.9188 0 0
  406 13.9532 0 0
  407 13.9876 0 0
  408 14.022 0 0
  409 14.0564 0 0
  410 14.0909 0 0
  411 14.1253 0 0
  412 14.1597 0 0
  413 14.1941 0 0
  414 14.2285 0 0
  415 14.2629 0 0
  416 14.2973 0 0
  417 14.3317 0 0
  418 14.3661 0 0
  419 14.4005 0 0
  420 14.435 0 0
  421 14.4694 0 0
  422 14.5038 0 0
  423 14.5382 0 0
  424 14.5726 0 0
  425 14.607 0 0
  426 14.6414 0 0
  427 14.6758 0 0
  428 14.7102 0 0
  429 14.7446 0 0
  430 14.779 0 0
  431 14.8135 0 0
  432 14.8479 0 0
  433 14.8823 0 0
  434 14.9167 0 0
  435 14.9511 0 0
  436 14.9855 0 0
  437 15.0199 0 0
  438 15.0543 0 0
  439 15.0887 0 0
  440 15.1231 0 0
  441 15.1576 0 0
  442 15.192 0 0
  443 15.2264 0 0
  444 15.2608 0 0
  445 15.2952 0 0
  446 15.3296 0 0
  447 15.364 0 0
  448 15.3984 0 0
  449 15.4328 0 0
  450 15.4672 0 0
  451 15.5017 0 0
  452 15.5361 0 0
  453 15.5705 0 0
  454 15.6049 0 0
  455 15.6393 0 0
  456 15.6737 0 0
  457 15.7081 0 0
  458 15.7425 0 0
  459 15.7769 0 0
  460 15.8113 0 0
  461 15.8458 0 0
  462 15.8802 0 0
  463 15.9146 0 0
  464 15.949 0 0
  465 15.9834 0 0
  466 16.0178 0 0
  467 16.0522 0 0
  468 16.0866 0 0
  469 16.121 0 0
  470 16.1554 0 0
  471 16.1899 0 0
  472 16.2243 0 0
  473 16.2587 0 0
  474 16.2931 0 0
  475 16.3275 0 0
  476 16.3619 0 0
  477 16.3963 0 0
  478 16.4307 0 0
  479 16.4651 0 0
  480 16.4995 0 0
  481 16.534 0 0
  482 16.5684 0 0
  483 16.6028 0 0
  484 16.6372 0 0
  485 16.6716 0 0
  486 16.706 0 0
  487 16.7404 0 0
  488 16.7748 0 0
  489 16.8092 0 0
  490 16.8436 0 0
  491 16.8781 0 0
  492 16.9125 0 0
  493 16.9469 0 0
  494 16.9813 0 0
  495 17.0157 0 0
  496 17.0501 0 0
  497 17.0845 0 0
  498 17.1189 0 0
  499 17.1533 0 0
  500 17.1877 0 0
  501 17.2222 0 0
  502 17.2566 0 0
  503 17.291 0 0
  504 17.3254 0 0
  505 17.3598 0 0
  506 17.3942 0 0
  507 17.4286 0 0
  508 17.463 0 0
  509 17.4974 0 0
  510 17.5318 0 0
  511 17.5663 0 0
  512 17.6007 0 0
  513 17.6351 0 0
  514 17.6695 0 0
  515 17.7039 0 0
  516 17.7383 0 0
  517 17.7727 0 0
  518 17.8071 0 0
  519 17.8415 0 0
  520 17.8759 0 0
  521 17.9103 0 0
  522 17.9448 0 0
  523 17.9792 0 0
  524 18.0136 0 0
  525 18.048 0 0
  526 18.0824 0 0
  527 18.1168 0 0
  528 18.1512 0 0
  529 18.1856 0 0
  530 18.22 0 0
  531 18.2544 0 0
  532 18.2889 0 0
  533 18.3233 0 0
  534 18.3577 0 0
  535 18.3921 0 0
  536 18.4265 0 0
  537 18.4609 0 0
  538 18.4953 0 0
  539 18.5297 0 0
  540 18.5641 0 0
  541 18.5985 0 0
  542 18.633 0 0
  543 18.6674 0 0
  544 18.7018 0 0
  545 18.7362 0 0
  546 18.7706 0 0
  547 18.805 0 0
  548 18.8394 0 0
  549 18.8738 0 0
  550 18.9082 0 0
  551 18.9426 0 0
  552 18.9771 0 0
  553 19.0115 0 0
  554 19.0459 0 0
  555 19.0803 0 0
  556 19.1147 0 0
  557 19.1491 0 0
  558 19.1835 0 0
  559 19.2179 0 0
  560 19.2523 0 0
  561 19.2867 0 0
  562 19.3212 0 0
  563 19.3556 0 0
  564 19.39 0 0
  565 19.4244 0 0
  566 19.4588 0 0
  567 19.4932 0 0
  568 19.5276 0 0
  569 19.562 0 0
  570 19.5964 0 0
  571 19.6308 0 0
  572 19.6653 0 0
  573 19.6997 0 0
  574 19.7341 0 0
  575 19.7685 0 0
  576 19.8029 0 0
  577 19.8373 0 0
  578 19.8717 0 0
  579 19.9061 0 0
  580 19.9405 0 0
  581 19.9749 0 0
  582 20.0094 0 0
  583 20.0438 0 0
  584 20.0782 0 0
  585 20.1126 0 0
  586 20.147 0 0
  587 20.1814 0 0
  588 20.2158 0 0
  589 20.2502 0 0
  590 20.2846 0 0
  591 20.319 0 0
  592 20.3535 0 0
  593 20.3879 0 0
  594 20.4223 0 0
  595 20.4567 0 0
  596 20.4911 0 0
  597 20.5255 0 0
  598 20.5599 0 0
  599 20.5943 0 0
  600 20.6287 0 0
  601 20.6631 0 0
  602 20.6976 0 0
  603 20.732 0 0
  604 20.7664 0 0
  605 20.8008 0 0
  606 20.8352 0 0
  607 20.8696 0 0
  608 20.904 0 0
  609 20.9384 0 0
  610 20.9728 0 0
  611 21.0072 0 0
  612 21.0417 0 0
  613 21.0761 0 0
  614 21.1105 0 0
  615 21.1449 0 0
  616 21.1793 0 0
  617 21.2137 0 0
  618 21.2481 0 0
  619 21.2825 0 0
  620 21.3169 0 0
  621 21.3513 0 0
  622 21.3857 0 0
  623 21.4202 0 0
  624 21.4546 0 0
  625 21.489 0 0
  626 21.5234 0 0
  627 21.5578 0 0
  628 21.5922 0 0
  629 21.6266 0 0
  630 21.661 0 0
  631 21.6954 0 0
  632 21.7298 0 0
  633 21.7643 0 0
  634 21.7987 0 0
  635 21.8331 0 0
  636 21.8675 0 0
  637 21.9019 0 0
  638 21.9363 0 0
  639 21.9707 0 0
  640 22.0051 0 0
  641 22.0395 0 0
  642 22.0739 0 0
  643 22.1084 0 0
  644 22.1428 0 0
  645 22.1772 0 0
  646 22.2116 0 0
  647 22.246 0 0
  648 22.2804 0 0
  649 22.3148 0 0
  650 22.3492 0 0
  651 22.3836 0 0
  652 22.418 0 0
  653 22.4525 0 0
  654 22.4869 0 0
  655 22.5213 0 0
  656 22.5557 0 0
  657 22.5901 0 0
  658 22.6245 0 0
  659 22.6589 0 0
  660 22.6933 0 0
  661 22.7277 0 0
  662 22.7621 0 0
  663 22.7966 0 0
  664 22.831 0 0
  665 22.8654 0 0
  666 22.8998 0 0
  667 22.9342 0 0
  668 22.9686 0 0
  669 23.003 0 0
  670 23.0374 0 0
  671 23.0718 0 0
  672 23.1062 0 0
  673 23.1407 0 0
  674 23.1751 0 0
  675 23.2095 0 0
  676 23.2439 0 0
  677 23.2783 0 0
  678 23.3127 0 0
  679 23.3471 0 0
  680 23.3815 0 0
  681 23.4159 0 0
  682 23.4503 0 0
  683 23.4848 0 0
  684 23.5192 0 0
  685 23.5536 0 0
  686 23.588 0 0
  687 23.6224 0 0
  688 23.6568 0 0
  689 23.6912 0 0
  690 23.7256 0 0
  691 23.76 0 0
  692 23.7944 0 0
  693 23.8289 0 0
  694 23.8633 0 0
  695 23.8977 0 0
  696 23.9321 0 0
  697 23.9665 0 0
  698 24.0009 0 0
  699 24.0353 0 0
  700 24.0697 0 0
  701 24.1041 0 0
  702 24.1385 0 0
  703 24.173 0 0
  704 24.2074 0 0
  705 24.2418 0 0
  706 24.2762 0 0
  707 24.3106 0 0
  708 24.345 0 0
  709 24.3794 0 0
  710 24.4138 0 0
  711 24.4482 0 0
  712 24.4826 0 0
  713 24.517 0 0
  714 24.5515 0 0
  715 24.5859 0 0
  716 24.6203 0 0
  717 24.6547 0 0
  718 24.6891 0 0
  719 24.7235 0 0
  720 24.7579 0 0
  721 24.7923 0 0
  722 24.8267 0 0
  723 24.8611 0 0
  724 24.8956 0 0
  725 24.93 0 0
  726 24.9644 0 0
  727 24.9988 0 0
  728 25.0332 0 0
  729 25.0676 0 0
  730 25.102 0 0
  731 25.1364 0 0
  732 25.1708 0 0
  733 25.2052 0 0
  734 25.2397 0 0
  735 25.2741 0 0
  736 25.3085 0 0
  737 25.3429 0 0
  738 25.3773 0 0
  739 25.4117 0 0
  740 25.4461 0 0
  741 25.4805 0 0
  742 25.5149 0 0
  743 25.5493 0 0
  744 25.5838 0 0
  745 25.6182 0 0
  746 25.6526 0 0
  747 25.687 0 0
  748 25.7214 0 0
  749 25.7558 0 0
  750 25.7902 0 0
  751 25.8246 0 0
  752 25.859 0 0
  753 25.8934 0 0
  754 25.9279 0 0
  755 25.9623 0 0
  756 25.9967 0 0
  757 26.0311 0 0
  758 26.0655 0 0
  759 26.0999 0 0
  760 26.1343 0 0
  761 26.1687 0 0
  762 26.2031 0 0
  763 26.2375 0 0
  764 26.272 0 0
  765 26.3064 0 0
  766 26.3408 0 0
  767 26.3752 0 0
  768 26.4096 0 0
  769 26.444 0 0
  770 26.4784 0 0
  771 26.5128 0 0
  772 26.5472 0 0
  773 26.5816 0 0
  774 26.6161 0 0
  775 26.6505 0 0
  776 26.6849 0 0
  777 26.7193 0 0
  778 26.7537 0 0
  779 26.7881 0 0
  780 26.8225 0 0
  781 26.8569 0 0
  782 26.8913 0 0
  783 26.9257 0 0
  784 26.9602 0 0
  785 26.9946 0 0
  786 27.029 0 0
  787 27.0634 0 0
  788 27.0978 0 0
  789 27.1322 0 0
  790 27.1666 0 0
  791 27.201 0 0
  792 27.2354 0 0
  793 27.2698 0 0
  794 27.3043 0 0
  795 27.3387 0 0
  796 27.3731 0 0
  797 27.4075 0 0
  798 27.4419 0 0
  799 27.4763 0 0
  800 27.5107 0 0
  801 27.5451 0 0
  802 27.5795 0 0
  803 27.6139 0 0
  804 27.6484 0 0
  805 27.6828 0 0
  806 27.7172 0 0
  807 27.7516 0 0
  808 27.786 0 0
  809 27.8204 0 0
  810 27.8548 0 0
  811 27.8892 0 0
  812 27.9236 0 0
  813 27.958 0 0
  814 27.9924 0 0
  815 28.0269 0 0
  816 28.0613 0 0
  817 28.0957 0 0
  818 28.1301 0 0
  819 28.1645 0 0
  820 28.1989 0 0
  821 28.2333 0 0
  822 28.2677 0 0
  823 28.3021 0 0
  824 28.3365 0 0
  825 28.371 0 0
  826 28.4054 0 0
  827 28.4398 0 0
  828 28.4742 0 0
  829 28.5086 0 0
  830 28.543 0 0
  831 28.5774 0 0
  832 28.6118 0 0
  833 28.6462 0 0
  834 28.6806 0 0
  835 28.7151 0 0
  836 28.7495 0 0
  837 28.7839 0 0
  838 28.8183 0 0
  839 28.8527 0 0
  840 28.8871 0 0
  841 28.9215 0 0
  842 28.9559 0 0
  843 28.9903 0 0
  844 29.0247 0 0
  845 29.0592 0 0
  846 29.0936 0 0
  847 29.128 0 0
  848 29.1624 0 0
  849 29.1968 0 0
  850 29.2312 0 0
  851 29.2656 0 0
  852 29.3 0 0
  853 29.3344 0 0
  854 29.3688 0 0
  855 29.4033 0 0
  856 29.4377 0 0
  857 29.4721 0 0
  858 29.5065 0 0
  859 29.5409 0 0
  860 29.5753 0 0
  861 29.6097 0 0
  862 29.6441 0 0
  863 29.6785 0 0
  864 29.7129 0 0
  865 29.7474 0 0
  866 29.7818 0 0
  867 29.8162 0 0
  868 29.8506 0 0
  869 29.885 0 0
  870 29.9194 0 0
  871 29.9538 0 0
  872 29.9882 0 0
  873 30.0226 0 0
  874 30.057 0 0
  875 30.0915 0 0
  876 30.1259 0 0
  877 30.1603 0 0
  878 30.1947 0 0
  879 30.2291 0 0
  880 30.2635 0 0
  881 30.2979 0 0
  882 30.3323 0 0
  883 30.3667 0 0
  884 30.4011 0 0
  885 30.4356 0 0
  886 30.47 0 0
  887 30.5044 0 0
  888 30.5388 0 0
  889 30.5732 0 0
  890 30.6076 0 0
  891 30.642 0 0
  892 30.6764 0 0
  893 30.7108 0 0
  894 30.7452 0 0
  895 30.7797 0 0
  896 30.8141 0 0
  897 30.8485 0 0
  898 30.8829 0 0
  899 30.9173 0 0
  900 30.9517 0 0
  901 30.9861 0 0
  902 31.0205 0 0
  903 31.0549 0 0
  904 31.0893 0 0
  905 31.1237 0 0
  906 31.1582 0 0
  907 31.1926 0 0
  908 31.227 0 0
  909 31.2614 0 0
  910 31.2958 0 0
  911 31.3302 0 0
  912 31.3646 0 0
  913 31.399 0 0
  914 31.4334 0 0
  915 31.4678 0 0
  916 31.5023 0 0
  917 31.5367 0 0
  918 31.5711 0 0
  919 31.6055 0 0
  920 31.6399 0 0
  921 31.6743 0 0
  922 31.7087 0 0
  923 31.7431 0 0
  924 31.7775 0 0
  925 31.8119 0 0
  926 31.8464 0 0
  927 31.8808 0 0
  928 31.9152 0 0
  929 31.9496 0 0
  930 31.984 0 0
  931 32.0184 0 0
  932 32.0528 0 0
  933 32.0872 0 0
  934 32.1216 0 0
  935 32.156 0 0
  936 32.1905 0 0
  937 32.2249 0 0
  938 32.2593 0 0
  939 32.2937 0 0
  940 32.3281 0 0
  941 32.3625 0 0
  942 32.3969 0 0
  943 32.4313 0 0
  944 32.4657 0 0
  945 32.5001 0 0
  946 32.5346 0 0
  947 32.569 0 0
  948 32.6034 0 0
  949 32.6378 0 0
  950 32.6722 0 0
  951 32.7066 0 0
  952 32.741 0 0
  953 32.7754 0 0
  954 32.8098 0 0
  955 32.8442 0 0
  956 32.8787 0 0
  957 32.9131 0 0
  958 32.9475 0 0
  959 32.9819 0 0
  960 33.0163 0 0
  961 33.0507 0 0
  962 33.0851 0 0
  963 33.1195 0 0
  964 33.1539 0 0
  965 33.1883 0 0
  966 33.2228 0 0
  967 33.2572 0 0
  968 33.2916 0 0
  969 33.326 0 0
  970 33.3604 0 0
  971 33.3948 0 0
  972 33.4292 0 0
  973 33.4636 0 0
  974 33.498 0 0
  975 33.5324 0 0
  976 33.5669 0 0
  977 33.6013 0 0
  978 33.6357 0 0
  979 33.6701 0 0
  980 33.7045 0 0
  981 33.7389 0 0
  982 33.7733 0 0
  983 33.8077 0 0
  984 33.8421 0 0
  985 33.8765 0 0
  986 33.911 0 0
  987 33.9454 0 0
  988 33.9798 0 0
  989 34.0142 0 0
  990 34.0486 0 0
  991 34.083 0 0
  992 34.1174 0 0
  993 34.1518 0 0
  994 34.1862 0 0
  995 34.2206 0 0
  996 34.255 0 0
  997 34.2895 0 0
  998 34.3239 0 0
  999 34.3583 0 0
  1000 34.3927 0 0
24000 1000 1800
  1 0.0172049 0 0
  2 0.0516148 0 0
  3 0.0860247 0 0
  4 0.120435 0 0
  5 0.154845 0 0
  6 0.189254 0 0
  7 0.223664 0 0
  8 0.258074 0 0
  9 0.292484 0 0
  10 0.326894 0 0
  11 0.361304 0 0
  12 0.395714 0 0
  13 0.430124 0 0
  14 0.464534 0 0
  15 0.498943 0 0
  16 0.533353 0 0
  17 0.567763 0 0
  18 0.602173 0 0
  19 0.636583 0 0
  20 0.670993 0 0
  21 0.705403 0 0
  22 0.739813 0 0
  23 0.774223 0 0
  24 0.808633 0 0
  25 0.843042 0 0
  26 0.877452 0 0
  27 0.911862 0 0
  28 0.946272 0 0
  29 0.980682 0 0
  30 1.01509 0 0
  31 1.0495 0 0
  32 1.08391 0 0
  33 1.11832 0 0
  34 1.15273 0 0
  35 1.18714 0 0
  36 1.22155 0 0
  37 1.25596 0 0
  38 1.29037 0 0
  39 1.32478 0 0
  40 1.35919 0 0
  41 1.3936 0 0
  42 1.42801 0 0
  43 1.46242 0 0
  44 1.49683 0 0
  45 1.53124 0 0
  46 1.56565 0 0
  47 1.60006 0 0
  48 1.63447 0 0
  49 1.66888 0 0
  50 1.70329 0 0
  51 1.7377 0 0
  52 1.77211 0 0
  53 1.80652 0 0
  54 1.84093 0 0
  55 1.87534 0 0
  56 1.90975 0 0
  57 1.94416 0 0
  58 1.97857 0 0
  59 2.01298 0 0
  60 2.04739 0 0
  61 2.0818 0 0
  62 2.11621 0 0
  63 2.15062 0 0
  64 2.18503 0 0
  65 2.21944 0 0
  66 2.25385 0 0
  67 2.28826 0 0
  68 2.32267 0 0
  69 2.35708 0 0
  70 2.39149 0 0
  71 2.4259 0.075 0.00242178
  72 2.46031 0.075 0.00242178
  73 2.49472 0.25 0.00807261
  74 2.52913 0.425 0.0137234
  75 2.56354 0.7 0.0226033
  76 2.59795 0.975 0.0314832
  77 2.63236 1.575 0.0508575
  78 2.66677 2.35 0.0758826
  79 2.70118 2.925 0.0944496
  80 2.73559 4.325 0.139656
  81 2.77 4.975 0.160645
  82 2.80441 5.075 0.163874
  83 2.83882 6.225 0.201008
  84 2.87323 5.85 0.188899
  85 2.90764 6.725 0.217153
  86 2.94205 4.275 0.138042
  87 2.97646 4.3 0.138849
  88 3.01087 3.3 0.106558
  89 3.04528 2.275 0.0734608
  90 3.07969 1.875 0.0605446
  91 3.1141 1.95 0.0629664
  92 3.14851 2.7 0.0871842
  93 3.18292 3.8 0.122704
  94 3.21733 7.4 0.238949
  95 3.25174 10.275 0.331784
  96 3.28614 13.85 0.447223
  97 3.32055 16.775 0.541672
  98 3.35496 20.875 0.674063
  99 3.38937 22.75 0.734608
  100 3.42378 22.625 0.730572
  101 3.45819 23.5 0.758826
  102 3.4926 23.875 0.770935
  103 3.52701 22.975 0.741873
  104 3.56142 23.85 0.770127
  105 3.59583 23 0.74268
  106 3.63024 23.5 0.758826
  107 3.66465 22.425 0.724113
  108 3.69906 23.65 0.763669
  109 3.73347 23.65 0.763669
  110 3.76788 23.575 0.761247
  111 3.80229 22.5 0.726535
  112 3.8367 21.425 0.691823
  113 3.87111 21.25 0.686172
  114 3.90552 20.575 0.664376
  115 3.93993 20.775 0.670834
  116 3.97434 20.55 0.663569
  117 4.00875 19.475 0.628857
  118 4.04316 18.7 0.603831
  119 4.07757 17.9 0.577999
  120 4.11198 17.85 0.576385
  121 4.14639 17.725 0.572348
  122 4.1808 16.95 0.547323
  123 4.21521 17.85 0.576385
  124 4.24962 19.025 0.614326
  125 4.28403 16.875 0.544901
  126 4.31844 17.55 0.566697
  127 4.35285 16.225 0.523913
  128 4.38726 16.3 0.526334
  129 4.42167 15.7 0.50696
  130 4.45608 15.45 0.498888
  131 4.49049 16.2 0.523105
  132 4.5249 15.8 0.510189
  133 4.55931 16.925 0.546516
  134 4.59372 16.375 0.528756
  135 4.62813 16.025 0.517455
  136 4.66254 17.65 0.569927
  137 4.69695 15.65 0.505346
  138 4.73136 15.875 0.512611
  139 4.76577 15.7 0.50696
  140 4.80018 17 0.548938
  141 4.83459 16.25 0.52472
  142 4.869 15.65 0.505346
  143 4.90341 15.15 0.4892
  144 4.93782 15.35 0.495658
  145 4.97223 14.825 0.478706
  146 5.00664 15.175 0.490008
  147 5.04105 13.5 0.435921
  148 5.07546 15.525 0.501309
  149 5.10987 16.075 0.519069
  150 5.14428 14.3 0.461753
  151 5.17869 14.675 0.473862
  152 5.2131 14.425 0.46579
  153 5.24751 14.5 0.468212
  154 5.28192 14.325 0.462561
  155 5.31633 14.15 0.45691
  156 5.35074 14.05 0.453681
  157 5.38515 14.05 0.453681
  158 5.41956 13.025 0.420583
  159 5.45397 13 0.419776
  160 5.48838 14.075 0.454488
  161 5.52279 13.425 0.433499
  162 5.5572 12.45 0.402016
  163 5.59161 12.725 0.410896
  164 5.62602 12.725 0.410896
  165 5.66043 11.025 0.356002
  166 5.69484 11.9 0.384256
  167 5.72925 11.4 0.368111
  168 5.76366 10.675 0.344701
  169 5.79807 11.55 0.372955
  170 5.83248 11.9 0.384256
  171 5.86689 11.75 0.379413
  172 5.9013 10.225 0.33017
  173 5.93571 10.675 0.344701
  174 5.97012 10.875 0.351159
  175 6.00453 10.9 0.351966
  176 6.03894 9.825 0.317254
  177 6.07335 9.9 0.319675
  178 6.10776 10.375 0.335013
  179 6.14217 9.225 0.297879
  180 6.17658 9.575 0.309181
  181 6.21099 9 0.290614
  182 6.2454 9.775 0.315639
  183 6.27981 7.4 0.238949
  184 6.31422 9.7 0.313217
  185 6.34863 8.425 0.272047
  186 6.38304 8.275 0.267204
  187 6.41745 8.475 0.273662
  188 6.45186 7.9 0.255095
  189 6.48627 8.9 0.287385
  190 6.52067 7.9 0.255095
  191 6.55508 6.85 0.22119
  192 6.58949 7.225 0.233299
  193 6.6239 7.1 0.229262
  194 6.65831 6.025 0.19455
  195 6.69272 6.975 0.225226
  196 6.72713 6.675 0.215539
  197 6.76154 7.225 0.233299
  198 6.79595 6.8 0.219575
  199 6.83036 6.175 0.199394
  200 6.86477 5.95 0.192128
  201 6.89918 5.95 0.192128
  202 6.93359 5.35 0.172754
  203 6.968 5.725 0.184863
  204 7.00241 6.125 0.197779
  205 7.03682 5.675 0.183248
  206 7.07123 5.15 0.166296
  207 7.10564 4.95 0.159838
  208 7.14005 5.3 0.171139
  209 7.17446 5.375 0.173561
  210 7.20887 5.175 0.167103
  211 7.24328 5.15 0.166296
  212 7.27769 4.25 0.137234
  213 7.3121 4.3 0.138849
  214 7.34651 4.175 0.134813
  215 7.38092 4.25 0.137234
  216 7.41533 3.925 0.12674
  217 7.44974 4.475 0.1445
  218 7.48415 3.8 0.122704
  219 7.51856 3.525 0.113824
  220 7.55297 3.45 0.111402
  221 7.58738 3.7 0.119475
  222 7.62179 3.4 0.109788
  223 7.6562 3.5 0.113017
  224 7.69061 2.925 0.0944496
  225 7.72502 3.1 0.1001
  226 7.75943 3.425 0.110595
  227 7.79384 2.85 0.0920278
  228 7.82825 3.2 0.103329
  229 7.86266 2.325 0.0750753
  230 7.89707 2.6 0.0839552
  231 7.93148 2 0.0645809
  232 7.96589 2.05 0.0661954
  233 8.0003 2.225 0.0718463
  234 8.03471 2.275 0.0734608
  235 8.06912 2.55 0.0823407
  236 8.10353 2.1 0.06781
  237 8.13794 1.975 0.0637736
  238 8.17235 1.475 0.0476284
  239 8.20676 1.975 0.0637736
  240 8.24117 1.7 0.0548938
  241 8.27558 1.55 0.0500502
  242 8.30999 1.675 0.0540865
  243 8.3444 1.8 0.0581228
  244 8.37881 1.25 0.0403631
  245 8.41322 1.525 0.0492429
  246 8.44763 1.45 0.0468212
  247 8.48204 1.7 0.0548938
  248 8.51645 1.3 0.0419776
  249 8.55086 1.45 0.0468212
  250 8.58527 1.225 0.0395558
  251 8.61968 1.15 0.037134
  252 8.65409 0.9 0.0290614
  253 8.6885 0.775 0.0250251
  254 8.72291 0.775 0.0250251
  255 8.75732 0.775 0.0250251
  256 8.79173 0.9 0.0290614
  257 8.82614 0.8 0.0258324
  258 8.86055 0.975 0.0314832
  259 8.89496 0.75 0.0242178
  260 8.92937 0.65 0.0209888
  261 8.96378 0.45 0.0145307
  262 8.99819 0.7 0.0226033
  263 9.0326 0.55 0.0177597
  264 9.06701 0.8 0.0258324
  265 9.10142 0.575 0.018567
  266 9.13583 0.65 0.0209888
  267 9.17024 0.575 0.018567
  268 9.20465 0.775 0.0250251
  269 9.23906 0.275 0.00887987
  270 9.27347 0.725 0.0234106
  271 9.30788 0.525 0.0169525
  272 9.34229 0.375 0.0121089
  273 9.3767 0.275 0.00887987
  274 9.41111 0.5 0.0161452
  275 9.44552 0.325 0.0104944
  276 9.47993 0.4 0.0129162
  277 9.51434 0.55 0.0177597
  278 9.54875 0.475 0.015338
  279 9.58316 0.2 0.00645809
  280 9.61757 0.4 0.0129162
  281 9.65198 0.2 0.00645809
  282 9.68639 0.2 0.00645809
  283 9.7208 0.225 0.00726535
  284 9.75521 0.175 0.00565083
  285 9.78961 0.075 0.00242178
  286 9.82402 0.2 0.00645809
  287 9.85843 0.1 0.00322905
  288 9.89284 0.05 0.00161452
  289 9.92725 0 0
  290 9.96166 0.05 0.00161452
  291 9.99607 0.05 0.00161452
  292 10.0305 0 0
  293 10.0649 0.05 0.00161452
  294 10.0993 0.075 0.00242178
  295 10.1337 0.05 0.00161452
  296 10.1681 0.025 0.000807261
  297 10.2025 0.05 0.00161452
  298 10.2369 0 0
  299 10.2714 0.025 0.000807261
  300 10.3058 0.05 0.00161452
  301 10.3402 0.05 0.00161452
  302 10.3746 0 0
  303 10.409 0 0
  304 10.4434 0.025 0.000807261
  305 10.4778 0 0
  306 10.5122 0.025 0.000807261
  307 10.5466 0 0
  308 10.581 0 0
  309 10.6155 0 0
  310 10.6499 0.025 0.000807261
  311 10.6843 0 0
  312 10.7187 0 0
  313 10.7531 0 0
  314 10.7875 0 0
  315 10.8219 0 0
  316 10.8563 0 0
  317 10.8907 0 0
  318 10.9251 0 0
  319 10.9596 0 0
  320 10.994 0 0
  321 11.0284 0 0
  322 11.0628 0 0
  323 11.0972 0 0
  324 11.1316 0 0
  325 11.166 0 0
  326 11.2004 0 0
  327 11.2348 0 0
  328 11.2692 0 0
  329 11.3037 0 0
  330 11.3381 0 0
  331 11.3725 0 0
  332 11.4069 0 0
  333 11.4413 0 0
  334 11.4757 0 0
  335 11.5101 0 0
  336 11.5445 0 0
  337 11.5789 0 0
  338 11.6133 0 0
  339 11.6477 0 0
  340 11.6822 0 0
  341 11.7166 0 0
  342 11.751 0 0
  343 11.7854 0 0
  344 11.8198 0 0
  345 11.8542 0 0
  346 11.8886 0 0
  347 11.923 0 0
  348 11.9574 0 0
  349 11.9918 0 0
  350 12.0263 0 0
  351 12.0607 0 0
  352 12.0951 0 0
  353 12.1295 0 0
  354 12.1639 0 0
  355 12.1983 0 0
  356 12.2327 0 0
  357 12.2671 0 0
  358 12.3015 0 0
  359 12.3359 0 0
  360 12.3704 0 0
  361 12.4048 0 0
  362 12.4392 0 0
  363 12.4736 0 0
  364 12.508 0 0
  365 12.5424 0 0
  366 12.5768 0 0
  367 12.6112 0 0
  368 12.6456 0 0
  369 12.68 0 0
  370 12.7145 0 0
  371 12.7489 0 0
  372 12.7833 0 0
  373 12.8177 0 0
  374 12.8521 0 0
  375 12.8865 0 0
  376 12.9209 0 0
  377 12.9553 0 0
  378 12.9897 0 0
  379 13.0241 0 0
  380 13.0586 0 0
  381 13.093 0 0
  382 13.1274 0 0
  383 13.1618 0 0
  384 13.1962 0 0
  385 13.2306 0 0
  386 13.265 0 0
  387 13.2994 0 0
  388 13.3338 0 0
  389 13.3682 0 0
  390 13.4027 0 0
  391 13.4371 0 0
  392 13.4715 0 0
  393 13.5059 0 0
  394 13.5403 0 0
  395 13.5747 0 0
  396 13.6091 0 0
  397 13.6435 0 0
  398 13.6779 0 0
  399 13.7123 0 0
  400 13.7468 0 0
  401 13.7812 0 0
  402 13.8156 0 0
  403 13.85 0 0
  404 13.8844 0 0
  405 13.9188 0 0
  406 13.9532 0 0
  407 13.9876 0 0
  408 14.022 0 0
  409 14.0564 0 0
  410 14.0909 0 0
  411 14.1253 0 0
  412 14.1597 0 0
  413 14.1941 0 0
  414 14.2285 0 0
  415 14.2629 0 0
  416 14.2973 0 0
  417 14.3317 0 0
  418 14.3661 0 0
  419 14.4005 0 0
  420 14.435 0 0
  421 14.4694 0 0
  422 14.5038 0 0
  423 14.5382 0 0
  424 14.5726 0 0
  425 14.607 0 0
  426 14.6414 0 0
  427 14.6758 0 0
  428 14.7102 0 0
  429 14.7446 0 0
  430 14.779 0 0
  431 14.8135 0 0
  432 14.8479 0 0
  433 14.8823 0 0
  434 14.9167 0 0
  435 14.9511 0 0
  436 14.9855 0 0
  437 15.0199 0 0
  438 15.0543 0 0
  439 15.0887 0 0
  440 15.1231 0 0
  441 15.1576 0 0
  442 15.192 0 0
  443 15.2264 0 0
  444 15.2608 0 0
  445 15.2952 0 0
  446 15.3296 0 0
  447 15.364 0 0
  448 15.3984 0 0
  449 15.4328 0 0
  450 15.4672 0 0
  451 15.5017 0 0
  452 15.5361 0 0
  453 15.5705 0 0
  454 15.6049 0 0
  455 15.6393 0 0
  456 15.6737 0 0
  457 15.7081 0 0
  458 15.7425 0 0
  459 15.7769 0 0
  460 15.8113 0 0
  461 15.8458 0 0
  462 15.8802 0 0
  463 15.9146 0 0
  464 15.949 0 0
  465 15.9834 0 0
  466 16.0178 0 0
  467 16.0522 0 0
  468 16.0866 0 0
  469 16.121 0 0
  470 16.1554 0 0
  471 16.1899 0 0
  472 16.2243 0 0
  473 16.2587 0 0
  474 16.2931 0 0
  475 16.3275 0 0
  476 16.3619 0 0
  477 16.3963 0 0
  478 16.4307 0 0
  479 16.4651 0 0
  480 16.4995 0 0
  481 16.534 0 0
  482 16.5684 0 0
  483 16.6028 0 0
  484 16.6372 0 0
  485 16.6716 0 0
  486 16.706 0 0
  487 16.7404 0 0
  488 16.7748 0 0
  489 16.8092 0 0
  490 16.8436 0 0
  491 16.8781 0 0
  492 16.9125 0 0
  493 16.9469 0 0
  494 16.9813 0 0
  495 17.0157 0 0
  496 17.0501 0 0
  497 17.0845 0 0
  498 17.1189 0 0
  499 17.1533 0 0
  500 17.1877 0 0
  501 17.2222 0 0
  502 17.2566 0 0
  503 17.291 0 0
  504 17.3254 0 0
  505 17.3598 0 0
  506 17.3942 0 0
  507 17.4286 0 0
  508 17.463 0 0
  509 17.4974 0 0
  510 17.5318 0 0
  511 17.5663 0 0
  512 17.6007 0 0
  513 17.6351 0 0
  514 17.6695 0 0
  515 17.7039 0 0
  516 17.7383 0 0
  517 17.7727 0 0
  518 17.8071 0 0
  519 17.8415 0 0
  520 17.8759 0 0
  521 17.9103 0 0
  522 17.9448 0 0
  523 17.9792 0 0
  524 18.0136 0 0
  525 18.048 0 0
  526 18.0824 0 0
  527 18.1168 0 0
  528 18.1512 0 0
  529 18.1856 0 0
  530 18.22 0 0
  531 18.2544 0 0
  532 18.2889 0 0
  533 18.3233 0 0
  534 18.3577 0 0
  535 18.3921 0 0
  536 18.4265 0 0
  537 18.4609 0 0
  538 18.4953 0 0
  539 18.5297 0 0
  540 18.5641 0 0
  541 18.5985 0 0
  542 18.633 0 0
  543 18.6674 0 0
  544 18.7018 0 0
  545 18.7362 0 0
  546 18.7706 0 0
  547 18.805 0 0
  548 18.8394 0 0
  549 18.8738 0 0
  550 18.9082 0 0
  551 18.9426 0 0
  552 18.9771 0 0
  553 19.0115 0 0
  554 19.0459 0 0
  555 19.0803 0 0
  556 19.1147 0 0
  557 19.1491 0 0
  558 19.1835 0 0
  559 19.2179 0 0
  560 19.2523 0 0
  561 19.2867 0 0
  562 19.3212 0 0
  563 19.3556 0 0
  564 19.39 0 0
  565 19.4244 0 0
  566 19.4588 0 0
  567 19.4932 0 0
  568 19.5276 0 0
  569 19.562 0 0
  570 19.5964 0 0
  571 19.6308 0 0
  572 19.6653 0 0
  573 19.6997 0 0
  574 19.7341 0 0
  575 19.7685 0 0
  576 19.8029 0 0
  577 19.8373 0 0
  578 19.8717 0 0
  579 19.9061 0 0
  580 19.9405 0 0
  581 19.9749 0 0
  582 20.0094 0 0
  583 20.0438 0 0
  584 20.0782 0 0
  585 20.1126 0 0
  586 20.147 0 0
  587 20.1814 0 0
  588 20.2158 0 0
  589 20.2502 0 0
  590 20.2846 0 0
  591 20.319 0 0
  592 20.3535 0 0
  593 20.3879 0 0
  594 20.4223 0 0
  595 20.4567 0 0
  596 20.4911 0 0
  597 20.5255 0 0
  598 20.5599 0 0
  599 20.5943 0 0
  600 20.6287 0 0
  601 20.6631 0 0
  602 20.6976 0 0
  603 20.732 0 0
  604 20.7664 0 0
  605 20.8008 0 0
  606 20.8352 0 0
  607 20.8696 0 0
  608 20.904 0 0
  609 20.9384 0 0
  610 20.9728 0 0
  611 21.0072 0 0
  612 21.0417 0 0
  613 21.0761 0 0
  614 21.1105 0 0
  615 21.1449 0 0
  616 21.1793 0 0
  617 21.2137 0 0
  618 21.2481 0 0
  619 21.2825 0 0
  620 21.3169 0 0
  621 21.3513 0 0
  622 21.3857 0 0
  623 21.4202 0 0
  624 21.4546 0 0
  625 21.489 0 0
  626 21.5234 0 0
  627 21.5578 0 0
  628 21.5922 0 0
  629 21.6266 0 0
  630 21.661 0 0
  631 21.6954 0 0
  632 21.7298 0 0
  633 21.7643 0 0
  634 21.7987 0 0
  635 21.8331 0 0
  636 21.8675 0 0
  637 21.9019 0 0
  638 21.9363 0 0
  639 21.9707 0 0
  640 22.0051 0 0
  641 22.0395 0 0
  642 22.0739 0 0
  643 22.1084 0 0
  644 22.1428 0 0
  645 22.1772 0 0
  646 22.2116 0 0
  647 22.246 0 0
  648 22.2804 0 0
  649 22.3148 0 0
  650 22.3492 0 0
  651 22.3836 0 0
  652 22.418 0 0
  653 22.4525 0 0
  654 22.4869 0 0
  655 22.5213 0 0
  656 22.5557 0 0
  657 22.5901 0 0
  658 22.6245 0 0
  659 22.6589 0 0
  660 22.6933 0 0
  661 22.7277 0 0
  662 22.7621 0 0
  663 22.7966 0 0
  664 22.831 0 0
  665 22.8654 0 0
  666 22.8998 0 0
  667 22.9342 0 0
  668 22.9686 0 0
  669 23.003 0 0
  670 23.0374 0 0
  671 23.0718 0 0
  672 23.1062 0 0
  673 23.1407 0 0
  674 23.1751 0 0
  675 23.2095 0 0
  676 23.2439 0 0
  677 23.2783 0 0
  678 23.3127 0 0
  679 23.3471 0 0
  680 23.3815 0 0
  681 23.4159 0 0
  682 23.4503 0 0
  683 23.4848 0 0
  684 23.5192 0 0
  685 23.5536 0 0
  686 23.588 0 0
  687 23.6224 0 0
  688 23.6568 0 0
  689 23.6912 0 0
  690 23.7256 0 0
  691 23.76 0 0
  692 23.7944 0 0
  693 23.8289 0 0
  694 23.8633 0 0
  695 23.8977 0 0
  696 23.9321 0 0
  697 23.9665 0 0
  698 24.0009 0 0
  699 24.0353 0 0
  700 24.0697 0 0
  701 24.1041 0 0
  702 24.1385 0 0
  703 24.173 0 0
  704 24.2074 0 0
  705 24.2418 0 0
  706 24.2762 0 0
  707 24.3106 0 0
  708 24.345 0 0
  709 24.3794 0 0
  710 24.4138 0 0
  711 24.4482 0 0
  712 24.4826 0 0
  713 24.517 0 0
  714 24.5515 0 0
  715 24.5859 0 0
  716 24.6203 0 0
  717 24.6547 0 0
  718 24.6891 0 0
  719 24.7235 0 0
  720 24.7579 0 0
  721 24.7923 0 0
  722 24.8267 0 0
  723 24.8611 0 0
  724 24.8956 0 0
  725 24.93 0 0
  726 24.9644 0 0
  727 24.9988 0 0
  728 25.0332 0 0
  729 25.0676 0 0
  730 25.102 0 0
  731 25.1364 0 0
  732 25.1708 0 0
  733 25.2052 0 0
  734 25.2397 0 0
  735 25.2741 0 0
  736 25.3085 0 0
  737 25.3429 0 0
  738 25.3773 0 0
  739 25.4117 0 0
  740 25.4461 0 0
  741 25.4805 0 0
  742 25.5149 0 0
  743 25.5493 0 0
  744 25.5838 0 0
  745 25.6182 0 0
  746 25.6526 0 0
  747 25.687 0 0
  748 25.7214 0 0
  749 25.7558 0 0
  750 25.7902 0 0
  751 25.8246 0 0
  752 25.859 0 0
  753 25.8934 0 0
  754 25.9279 0 0
  755 25.9623 0 0
  756 25.9967 0 0
  757 26.0311 0 0
  758 26.0655 0 0
  759 26.0999 0 0
  760 26.1343 0 0
  761 26.1687 0 0
  762 26.2031 0 0
  763 26.2375 0 0
  764 26.272 0 0
  765 26.3064 0 0
  766 26.3408 0 0
  767 26.3752 0 0
  768 26.4096 0 0
  769 26.444 0 0
  770 26.4784 0 0
  771 26.5128 0 0
  772 26.5472 0 0
  773 26.5816 0 0
  774 26.6161 0 0
  775 26.6505 0 0
  776 26.6849 0 0
  777 26.7193 0 0
  778 26.7537 0 0
  779 26.7881 0 0
  780 26.8225 0 0
  781 26.8569 0 0
  782 26.8913 0 0
  783 26.9257 0 0
  784 26.9602 0 0
  785 26.9946 0 0
  786 27.029 0 0
  787 27.0634 0 0
  788 27.0978 0 0
  789 27.1322 0 0
  790 27.1666 0 0
  791 27.201 0 0
  792 27.2354 0 0
  793 27.2698 0 0
  794 27.3043 0 0
  795 27.3387 0 0
  796 27.3731 0 0
  797 27.4075 0 0
  798 27.4419 0 0
  799 27.4763 0 0
  800 27.5107 0 0
  801 27.5451 0 0
  802 27.5795 0 0
  803 27.6139 0 0
  804 27.6484 0 0
  805 27.6828 0 0
  806 27.7172 0 0
  807 27.7516 0 0
  808 27.786 0 0
  809 27.8204 0 0
  810 27.8548 0 0
  811 27.8892 0 0
  812 27.9236 0 0
  813 27.958 0 0
  814 27.9924 0 0
  815 28.0269 0 0
  816 28.0613 0 0
  817 28.0957 0 0
  818 28.1301 0 0
  819 28.1645 0 0
  820 28.1989 0 0
  821 28.2333 0 0
  822 28.2677 0 0
  823 28.3021 0 0
  824 28.3365 0 0
  825 28.371 0 0
  826 28.4054 0 0
  827 28.4398 0 0
  828 28.4742 0 0
  829 28.5086 0 0
  830 28.543 0 0
  831 28.5774 0 0
  832 28.6118 0 0
  833 28.6462 0 0
  834 28.6806 0 0
  835 28.7151 0 0
  836 28.7495 0 0
  837 28.7839 0 0
  838 28.8183 0 0
  839 28.8527 0 0
  840 28.8871 0 0
  841 28.9215 0 0
  842 28.9559 0 0
  843 28.9903 0 0
  844 29.0247 0 0
  845 29.0592 0 0
  846 29.0936 0 0
  847 29.128 0 0
  848 29.1624 0 0
  849 29.1968 0 0
  850 29.2312 0 0
  851 29.2656 0 0
  852 29.3 0 0
  853 29.3344 0 0
  854 29.3688 0 0
  855 29.4033 0 0
  856 29.4377 0 0
  857 29.4721 0 0
  858 29.5065 0 0
  859 29.5409 0 0
  860 29.5753 0 0
  861 29.6097 0 0
  862 29.6441 0 0
  863 29.6785 0 0
  864 29.7129 0 0
  865 29.7474 0 0
  866 29.7818 0 0
  867 29.8162 0 0
  868 29.8506 0 0
  869 29.885 0 0
  870 29.9194 0 0
  871 29.9538 0 0
  872 29.9882 0 0
  873 30.0226 0 0
  874 30.057 0 0
  875 30.0915 0 0
  876 30.1259 0 0
  877 30.1603 0 0
  878 30.1947 0 0
  879 30.2291 0 0
  880 30.2635 0 0
  881 30.2979 0 0
  882 30.3323 0 0
  883 30.3667 0 0
  884 30.4011 0 0
  885 30.4356 0 0
  886 30.47 0 0
  887 30.5044 0 0
  888 30.5388 0 0
  889 30.5732 0 0
  890 30.6076 0 0
  891 30.642 0 0
  892 30.6764 0 0
  893 30.7108 0 0
  894 30.7452 0 0
  895 30.7797 0 0
  896 30.8141 0 0
  897 30.8485 0 0
  898 30.8829 0 0
  899 30.9173 0 0
  900 30.9517 0 0
  901 30.9861 0 0
  902 31.0205 0 0
  903 31.0549 0 0
  904 31.0893 0 0
  905 31.1237 0 0
  906 31.1582 0 0
  907 31.1926 0 0
  908 31.227 0 0
  909 31.2614 0 0
  910 31.2958 0 0
  911 31.3302 0 0
  912 31.3646 0 0
  913 31.399 0 0
  914 31.4334 0 0
  915 31.4678 0 0
  916 31.5023 0 0
  917 31.5367 0 0
  918 31.5711 0 0
  919 31.6055 0 0
  920 31.6399 0 0
  921 31.6743 0 0
  922 31.7087 0 0
  923 31.7431 0 0
  924 31.7775 0 0
  925 31.8119 0 0
  926 31.8464 0 0
  927 31.8808 0 0
  928 31.9152 0 0
  929 31.9496 0 0
  930 31.984 0 0
  931 32.0184 0 0
  932 32.0528 0 0
  933 32.0872 0 0
  934 32.1216 0 0
  935 32.156 0 0
  936 32.1905 0 0
  937 32.2249 0 0
  938 32.2593 0 0
  939 32.2937 0 0
  940 32.3281 0 0
  941 32.3625 0 0
  942 32.3969 0 0
  943 32.4313 0 0
  944 32.4657 0 0
  945 32.5001 0 0
  946 32.5346 0 0
  947 32.569 0 0
  948 32.6034 0 0
  949 32.6378 0 0
  950 32.6722 0 0
  951 32.7066 0 0
  952 32.741 0 0
  953 32.7754 0 0
  954 32.8098 0 0
  955 32.8442 0 0
  956 32.8787 0 0
  957 32.9131 0 0
  958 32.9475 0 0
  959 32.9819 0 0
  960 33.0163 0 0
  961 33.0507 0 0
  962 33.0851 0 0
  963 33.1195 0 0
  964 33.1539 0 0
  965 33.1883 0 0
  966 33.2228 0 0
  967 33.2572 0 0
  968 33.2916 0 0
  969 33.326 0 0
  970 33.3604 0 0
  971 33.3948 0 0
  972 33.4292 0 0
  973 33.4636 0 0
  974 33.498 0 0
  975 33.5324 0 0
  976 33.5669 0 0
  977 33.6013 0 0
  978 33.6357 0 0
  979 33.6701 0 0
  980 33.7045 0 0
  981 33.7389 0 0
  982 33.7733 0 0
  983 33.8077 0 0
  984 33.8421 0 0
  985 33.8765 0 0
  986 33.911 0 0
  987 33.9454 0 0
  988 33.9798 0 0
  989 34.0142 0 0
  990 34.0486 0 0
  991 34.083 0 0
  992 34.1174 0 0
  993 34.1518 0 0
  994 34.1862 0 0
  995 34.2206 0 0
  996 34.255 0 0
  997 34.2895 0 0
  998 34.3239 0 0
  999 34.3583 0 0
  1000 34.3927 0 0
