# Chunk-averaged data for fix tbeads_sdz and group file
# Timestep Number-of-chunks Total-count
# Chunk Coord1 Ncount density/number
16000 1000 1800
  1 0.0172049 0 0
  2 0.0516148 0 0
  3 0.0860247 0 0
  4 0.120435 0 0
  5 0.154845 0 0
  6 0.189254 0 0
  7 0.223664 0 0
  8 0.258074 0 0
  9 0.292484 0 0
  10 0.326894 0 0
  11 0.361304 0 0
  12 0.395714 0 0
  13 0.430124 0 0
  14 0.464534 0 0
  15 0.498943 0 0
  16 0.533353 0 0
  17 0.567763 0 0
  18 0.602173 0 0
  19 0.636583 0 0
  20 0.670993 0 0
  21 0.705403 0 0
  22 0.739813 0 0
  23 0.774223 0 0
  24 0.808633 0 0
  25 0.843042 0 0
  26 0.877452 0 0
  27 0.911862 0 0
  28 0.946272 0 0
  29 0.980682 0 0
  30 1.01509 0 0
  31 1.0495 0 0
  32 1.08391 0 0
  33 1.11832 0 0
  34 1.15273 0 0
  35 1.18714 0 0
  36 1.22155 0 0
  37 1.25596 0 0
  38 1.29037 0 0
  39 1.32478 0 0
  40 1.35919 0 0
  41 1.3936 0 0
  42 1.42801 0 0
  43 1.46242 0 0
  44 1.49683 0 0
  45 1.53124 0 0
  46 1.56565 0 0
  47 1.60006 0 0
  48 1.63447 0 0
  49 1.66888 0 0
  50 1.70329 0 0
  51 1.7377 0 0
  52 1.77211 0 0
  53 1.80652 0 0
  54 1.84093 0 0
  55 1.87534 0 0
  56 1.90975 0 0
  57 1.94416 0 0
  58 1.97857 0 0
  59 2.01298 0 0
  60 2.04739 0 0
  61 2.0818 0 0
  62 2.11621 0 0
  63 2.15062 0 0
  64 2.18503 0 0
  65 2.21944 0 0
  66 2.25385 0 0
  67 2.28826 0 0
  68 2.32267 0 0
  69 2.35708 0 0
  70 2.39149 0 0
  71 2.4259 0 0
  72 2.46031 0 0
  73 2.49472 0 0
  74 2.52913 0 0
  75 2.56354 0 0
  76 2.59795 0 0
  77 2.63236 0 0
  78 2.66677 0 0
  79 2.70118 0 0
  80 2.73559 0 0
  81 2.77 0 0
  82 2.80441 0 0
  83 2.83882 0 0
  84 2.87323 0 0
  85 2.90764 0 0
  86 2.94205 0 0
  87 2.97646 0.025 0.000807261
  88 3.01087 0.025 0.000807261
  89 3.04528 0.05 0.00161452
  90 3.07969 0.075 0.00242178
  91 3.1141 0.175 0.00565083
  92 3.14851 0.275 0.00887987
  93 3.18292 0.4 0.0129162
  94 3.21733 0.825 0.0266396
  95 3.25174 1 0.0322905
  96 3.28614 1.075 0.0347122
  97 3.32055 1.1 0.0355195
  98 3.35496 1.2 0.0387485
  99 3.38937 1.175 0.0379413
  100 3.42378 1.375 0.0443994
  101 3.45819 1.5 0.0484357
  102 3.4926 0.85 0.0274469
  103 3.52701 1.275 0.0411703
  104 3.56142 1.425 0.0460139
  105 3.59583 1.05 0.033905
  106 3.63024 0.85 0.0274469
  107 3.66465 0.975 0.0314832
  108 3.69906 1.125 0.0363268
  109 3.73347 0.95 0.0306759
  110 3.76788 0.85 0.0274469
  111 3.80229 1.025 0.0330977
  112 3.8367 0.725 0.0234106
  113 3.87111 1.2 0.0387485
  114 3.90552 1.1 0.0355195
  115 3.93993 1.15 0.037134
  116 3.97434 0.85 0.0274469
  117 4.00875 1.275 0.0411703
  118 4.04316 1.175 0.0379413
  119 4.07757 1.3 0.0419776
  120 4.11198 1.25 0.0403631
  121 4.14639 1.25 0.0403631
  122 4.1808 1.85 0.0597373
  123 4.21521 1.6 0.0516647
  124 4.24962 2.175 0.0702317
  125 4.28403 2.2 0.071039
  126 4.31844 2.225 0.0718463
  127 4.35285 2.6 0.0839552
  128 4.38726 2.975 0.0960641
  129 4.42167 2.9 0.0936423
  130 4.45608 3.575 0.115438
  131 4.49049 3.25 0.104944
  132 4.5249 3.275 0.105751
  133 4.55931 3 0.0968714
  134 4.59372 2.85 0.0920278
  135 4.62813 3.15 0.101715
  136 4.66254 2.725 0.0879915
  137 4.69695 2.95 0.0952568
  138 4.73136 2.9 0.0936423
  139 4.76577 3.025 0.0976786
  140 4.80018 3.25 0.104944
  141 4.83459 3 0.0968714
  142 4.869 2.975 0.0960641
  143 4.90341 3.275 0.105751
  144 4.93782 3.575 0.115438
  145 4.97223 3.225 0.104137
  146 5.00664 3.925 0.12674
  147 5.04105 3.4 0.109788
  148 5.07546 2.925 0.0944496
  149 5.10987 3.8 0.122704
  150 5.14428 4.275 0.138042
  151 5.17869 4.35 0.140463
  152 5.2131 4.7 0.151765
  153 5.24751 4.725 0.152572
  154 5.28192 4.325 0.139656
  155 5.31633 5.525 0.178405
  156 5.35074 6.35 0.205044
  157 5.38515 6.15 0.198586
  158 5.41956 7.55 0.243793
  159 5.45397 7.25 0.234106
  160 5.48838 7.025 0.22684
  161 5.52279 7.025 0.22684
  162 5.5572 6.75 0.217961
  163 5.59161 6.35 0.205044
  164 5.62602 4.875 0.157416
  165 5.66043 5.275 0.170332
  166 5.69484 4.475 0.1445
  167 5.72925 4.65 0.150151
  168 5.76366 5 0.161452
  169 5.79807 5.125 0.165489
  170 5.83248 5.425 0.175176
  171 5.86689 4.475 0.1445
  172 5.9013 4.975 0.160645
  173 5.93571 5.525 0.178405
  174 5.97012 5.425 0.175176
  175 6.00453 5.7 0.184056
  176 6.03894 5.65 0.182441
  177 6.07335 5.5 0.177597
  178 6.10776 4.875 0.157416
  179 6.14217 4.5 0.145307
  180 6.17658 4.85 0.156609
  181 6.21099 4.525 0.146114
  182 6.2454 4.075 0.131584
  183 6.27981 4.025 0.129969
  184 6.31422 4 0.129162
  185 6.34863 3.775 0.121896
  186 6.38304 3.75 0.121089
  187 6.41745 3.6 0.116246
  188 6.45186 4.15 0.134005
  189 6.48627 3.55 0.114631
  190 6.52067 4.1 0.132391
  191 6.55508 4.7 0.151765
  192 6.58949 4.65 0.150151
  193 6.6239 4.325 0.139656
  194 6.65831 4.525 0.146114
  195 6.69272 4.85 0.156609
  196 6.72713 4.375 0.141271
  197 6.76154 4.95 0.159838
  198 6.79595 4.25 0.137234
  199 6.83036 4.525 0.146114
  200 6.86477 4.4 0.142078
  201 6.89918 4.325 0.139656
  202 6.93359 4.2 0.13562
  203 6.968 4.075 0.131584
  204 7.00241 4.275 0.138042
  205 7.03682 3.95 0.127547
  206 7.07123 4.15 0.134005
  207 7.10564 4.925 0.15903
  208 7.14005 4.475 0.1445
  209 7.17446 4.3 0.138849
  210 7.20887 4.525 0.146114
  211 7.24328 3.975 0.128355
  212 7.27769 4.25 0.137234
  213 7.3121 3.75 0.121089
  214 7.34651 3.7 0.119475
  215 7.38092 3.6 0.116246
  216 7.41533 3.85 0.124318
  217 7.44974 4.3 0.138849
  218 7.48415 4.475 0.1445
  219 7.51856 4.75 0.15338
  220 7.55297 4.275 0.138042
  221 7.58738 3.85 0.124318
  222 7.62179 3.95 0.127547
  223 7.6562 4.525 0.146114
  224 7.69061 4.55 0.146922
  225 7.72502 4.275 0.138042
  226 7.75943 4.975 0.160645
  227 7.79384 3.4 0.109788
  228 7.82825 4.225 0.136427
  229 7.86266 3.75 0.121089
  230 7.89707 3.975 0.128355
  231 7.93148 3.975 0.128355
  232 7.96589 4.675 0.150958
  233 8.0003 4.55 0.146922
  234 8.03471 4.025 0.129969
  235 8.06912 4.475 0.1445
  236 8.10353 5.525 0.178405
  237 8.13794 4.575 0.147729
  238 8.17235 4.8 0.154994
  239 8.20676 4.475 0.1445
  240 8.24117 4.4 0.142078
  241 8.27558 3.925 0.12674
  242 8.30999 3.95 0.127547
  243 8.3444 4.275 0.138042
  244 8.37881 3.75 0.121089
  245 8.41322 4.5 0.145307
  246 8.44763 4.475 0.1445
  247 8.48204 3.975 0.128355
  248 8.51645 4.425 0.142885
  249 8.55086 4.075 0.131584
  250 8.58527 3.425 0.110595
  251 8.61968 4.2 0.13562
  252 8.65409 4.2 0.13562
  253 8.6885 4.225 0.136427
  254 8.72291 4.1 0.132391
  255 8.75732 3.65 0.11786
  256 8.79173 4.6 0.148536
  257 8.82614 4.125 0.133198
  258 8.86055 4.75 0.15338
  259 8.89496 4.6 0.148536
  260 8.92937 4.9 0.158223
  261 8.96378 4.375 0.141271
  262 8.99819 4.425 0.142885
  263 9.0326 4.75 0.15338
  264 9.06701 4.6 0.148536
  265 9.10142 5.1 0.164681
  266 9.13583 4.95 0.159838
  267 9.17024 4.825 0.155801
  268 9.20465 5.4 0.174368
  269 9.23906 4.85 0.156609
  270 9.27347 4.4 0.142078
  271 9.30788 4.7 0.151765
  272 9.34229 4.9 0.158223
  273 9.3767 4.4 0.142078
  274 9.41111 4.425 0.142885
  275 9.44552 4.25 0.137234
  276 9.47993 3.95 0.127547
  277 9.51434 4.55 0.146922
  278 9.54875 4.475 0.1445
  279 9.58316 4.475 0.1445
  280 9.61757 4.325 0.139656
  281 9.65198 4.625 0.149343
  282 9.68639 4.9 0.158223
  283 9.7208 4.925 0.15903
  284 9.75521 5.175 0.167103
  285 9.78961 4.825 0.155801
  286 9.82402 4.925 0.15903
  287 9.85843 4.775 0.154187
  288 9.89284 4.775 0.154187
  289 9.92725 4.95 0.159838
  290 9.96166 5.1 0.164681
  291 9.99607 4.925 0.15903
  292 10.0305 5.2 0.16791
  293 10.0649 5.85 0.188899
  294 10.0993 5.025 0.16226
  295 10.1337 4.875 0.157416
  296 10.1681 5.25 0.169525
  297 10.2025 5.025 0.16226
  298 10.2369 5.675 0.183248
  299 10.2714 5.5 0.177597
  300 10.3058 6.05 0.195357
  301 10.3402 5.175 0.167103
  302 10.3746 5.25 0.169525
  303 10.409 4.975 0.160645
  304 10.4434 4.85 0.156609
  305 10.4778 5.475 0.17679
  306 10.5122 5.5 0.177597
  307 10.5466 5.375 0.173561
  308 10.581 5 0.161452
  309 10.6155 5.125 0.165489
  310 10.6499 5.875 0.189706
  311 10.6843 6.05 0.195357
  312 10.7187 5.825 0.188092
  313 10.7531 5.875 0.189706
  314 10.7875 5.75 0.18567
  315 10.8219 6.05 0.195357
  316 10.8563 5.575 0.180019
  317 10.8907 5.325 0.171947
  318 10.9251 6.6 0.213117
  319 10.9596 6.125 0.197779
  320 10.994 5.875 0.189706
  321 11.0284 6 0.193743
  322 11.0628 5.875 0.189706
  323 11.0972 6.15 0.198586
  324 11.1316 6.075 0.196165
  325 11.166 6.425 0.207466
  326 11.2004 6.825 0.220382
  327 11.2348 6.525 0.210695
  328 11.2692 5.6 0.180827
  329 11.3037 6.95 0.224419
  330 11.3381 5.9 0.190514
  331 11.3725 6.925 0.223611
  332 11.4069 6.25 0.201815
  333 11.4413 7.225 0.233299
  334 11.4757 6.575 0.21231
  335 11.5101 6.925 0.223611
  336 11.5445 6.475 0.209081
  337 11.5789 6.6 0.213117
  338 11.6133 5.675 0.183248
  339 11.6477 6.325 0.204237
  340 11.6822 6.4 0.206659
  341 11.7166 6.375 0.205852
  342 11.751 6.3 0.20343
  343 11.7854 6.9 0.222804
  344 11.8198 7.25 0.234106
  345 11.8542 7.125 0.230069
  346 11.8886 7.05 0.227648
  347 11.923 7.175 0.231684
  348 11.9574 7.65 0.247022
  349 11.9918 7.6 0.245407
  350 12.0263 7.05 0.227648
  351 12.0607 7.525 0.242986
  352 12.0951 7.925 0.255902
  353 12.1295 8.15 0.263167
  354 12.1639 7.225 0.233299
  355 12.1983 7.15 0.230877
  356 12.2327 6.45 0.208273
  357 12.2671 6.1 0.196972
  358 12.3015 7.325 0.236528
  359 12.3359 7.175 0.231684
  360 12.3704 8.2 0.264782
  361 12.4048 8.325 0.268818
  362 12.4392 7.925 0.255902
  363 12.4736 7.1 0.229262
  364 12.508 7.725 0.249444
  365 12.5424 8.025 0.259131
  366 12.5768 7.875 0.254287
  367 12.6112 7.625 0.246215
  368 12.6456 8.15 0.263167
  369 12.68 6.825 0.220382
  370 12.7145 6.8 0.219575
  371 12.7489 6.825 0.220382
  372 12.7833 7.7 0.248636
  373 12.8177 7.325 0.236528
  374 12.8521 7.9 0.255095
  375 12.8865 7.15 0.230877
  376 12.9209 7.45 0.240564
  377 12.9553 7.125 0.230069
  378 12.9897 7.875 0.254287
  379 13.0241 7.3 0.23572
  380 13.0586 7.2 0.232491
  381 13.093 8.025 0.259131
  382 13.1274 8.575 0.276891
  383 13.1618 7.625 0.246215
  384 13.1962 7.475 0.241371
  385 13.2306 7.375 0.238142
  386 13.265 7.9 0.255095
  387 13.2994 7.3 0.23572
  388 13.3338 7.225 0.233299
  389 13.3682 7.75 0.250251
  390 13.4027 7.4 0.238949
  391 13.4371 7.825 0.252673
  392 13.4715 8.375 0.270433
  393 13.5059 7.575 0.2446
  394 13.5403 8.025 0.259131
  395 13.5747 7.75 0.250251
  396 13.6091 7.5 0.242178
  397 13.6435 7.65 0.247022
  398 13.6779 7.55 0.243793
  399 13.7123 8.05 0.259938
  400 13.7468 7.275 0.234913
  401 13.7812 7.425 0.239757
  402 13.8156 7.1 0.229262
  403 13.85 7.1 0.229262
  404 13.8844 6.1 0.196972
  405 13.9188 7.075 0.228455
  406 13.9532 7.15 0.230877
  407 13.9876 6.15 0.198586
  408 14.022 7.35 0.237335
  409 14.0564 7.55 0.243793
  410 14.0909 7.625 0.246215
  411 14.1253 6.75 0.217961
  412 14.1597 6.85 0.22119
  413 14.1941 6.225 0.201008
  414 14.2285 6.35 0.205044
  415 14.2629 6.775 0.218768
  416 14.2973 7.025 0.22684
  417 14.3317 6.55 0.211502
  418 14.3661 6.4 0.206659
  419 14.4005 6.325 0.204237
  420 14.435 7 0.226033
  421 14.4694 6.5 0.209888
  422 14.5038 6.675 0.215539
  423 14.5382 6.025 0.19455
  424 14.5726 6.3 0.20343
  425 14.607 6.35 0.205044
  426 14.6414 6.65 0.214732
  427 14.6758 6 0.193743
  428 14.7102 6.3 0.20343
  429 14.7446 6 0.193743
  430 14.779 6.225 0.201008
  431 14.8135 5.3 0.171139
  432 14.8479 5.375 0.173561
  433 14.8823 5.25 0.169525
  434 14.9167 5.6 0.180827
  435 14.9511 5.15 0.166296
  436 14.9855 5.65 0.182441
  437 15.0199 5.2 0.16791
  438 15.0543 4.775 0.154187
  439 15.0887 4.8 0.154994
  440 15.1231 4.575 0.147729
  441 15.1576 4 0.129162
  442 15.192 3.8 0.122704
  443 15.2264 3.825 0.123511
  444 15.2608 3.8 0.122704
  445 15.2952 3.35 0.108173
  446 15.3296 2.175 0.0702317
  447 15.364 2.175 0.0702317
  448 15.3984 1.775 0.0573156
  449 15.4328 2.075 0.0670027
  450 15.4672 1.5 0.0484357
  451 15.5017 1.6 0.0516647
  452 15.5361 0.775 0.0250251
  453 15.5705 1.075 0.0347122
  454 15.6049 0.625 0.0201815
  455 15.6393 0.75 0.0242178
  456 15.6737 0.875 0.0282541
  457 15.7081 0.85 0.0274469
  458 15.7425 1.275 0.0411703
  459 15.7769 1.15 0.037134
  460 15.8113 0.9 0.0290614
  461 15.8458 0.775 0.0250251
  462 15.8802 1.025 0.0330977
  463 15.9146 0.675 0.0217961
  464 15.949 0.65 0.0209888
  465 15.9834 0.525 0.0169525
  466 16.0178 0.325 0.0104944
  467 16.0522 0.35 0.0113017
  468 16.0866 0.125 0.00403631
  469 16.121 0.05 0.00161452
  470 16.1554 0.05 0.00161452
  471 16.1899 0.025 0.000807261
  472 16.2243 0.05 0.00161452
  473 16.2587 0.025 0.000807261
  474 16.2931 0 0
  475 16.3275 0 0
  476 16.3619 0 0
  477 16.3963 0 0
  478 16.4307 0 0
  479 16.4651 0 0
  480 16.4995 0 0
  481 16.534 0 0
  482 16.5684 0 0
  483 16.6028 0 0
  484 16.6372 0 0
  485 16.6716 0 0
  486 16.706 0 0
  487 16.7404 0 0
  488 16.7748 0 0
  489 16.8092 0 0
  490 16.8436 0 0
  491 16.8781 0 0
  492 16.9125 0 0
  493 16.9469 0 0
  494 16.9813 0 0
  495 17.0157 0 0
  496 17.0501 0 0
  497 17.0845 0 0
  498 17.1189 0 0
  499 17.1533 0 0
  500 17.1877 0 0
  501 17.2222 0 0
  502 17.2566 0 0
  503 17.291 0 0
  504 17.3254 0 0
  505 17.3598 0 0
  506 17.3942 0 0
  507 17.4286 0 0
  508 17.463 0 0
  509 17.4974 0 0
  510 17.5318 0 0
  511 17.5663 0 0
  512 17.6007 0 0
  513 17.6351 0 0
  514 17.6695 0 0
  515 17.7039 0 0
  516 17.7383 0 0
  517 17.7727 0 0
  518 17.8071 0 0
  519 17.8415 0 0
  520 17.8759 0 0
  521 17.9103 0 0
  522 17.9448 0 0
  523 17.9792 0 0
  524 18.0136 0 0
  525 18.048 0 0
  526 18.0824 0 0
  527 18.1168 0 0
  528 18.1512 0 0
  529 18.1856 0 0
  530 18.22 0 0
  531 18.2544 0 0
  532 18.2889 0 0
  533 18.3233 0 0
  534 18.3577 0 0
  535 18.3921 0 0
  536 18.4265 0 0
  537 18.4609 0 0
  538 18.4953 0 0
  539 18.5297 0 0
  540 18.5641 0 0
  541 18.5985 0 0
  542 18.633 0 0
  543 18.6674 0 0
  544 18.7018 0 0
  545 18.7362 0 0
  546 18.7706 0 0
  547 18.805 0 0
  548 18.8394 0 0
  549 18.8738 0 0
  550 18.9082 0 0
  551 18.9426 0 0
  552 18.9771 0 0
  553 19.0115 0 0
  554 19.0459 0 0
  555 19.0803 0 0
  556 19.1147 0 0
  557 19.1491 0 0
  558 19.1835 0 0
  559 19.2179 0 0
  560 19.2523 0 0
  561 19.2867 0 0
  562 19.3212 0 0
  563 19.3556 0 0
  564 19.39 0 0
  565 19.4244 0 0
  566 19.4588 0 0
  567 19.4932 0 0
  568 19.5276 0 0
  569 19.562 0 0
  570 19.5964 0 0
  571 19.6308 0 0
  572 19.6653 0 0
  573 19.6997 0 0
  574 19.7341 0 0
  575 19.7685 0 0
  576 19.8029 0 0
  577 19.8373 0 0
  578 19.8717 0 0
  579 19.9061 0 0
  580 19.9405 0 0
  581 19.9749 0 0
  582 20.0094 0 0
  583 20.0438 0 0
  584 20.0782 0 0
  585 20.1126 0 0
  586 20.147 0 0
  587 20.1814 0 0
  588 20.2158 0 0
  589 20.2502 0 0
  590 20.2846 0 0
  591 20.319 0 0
  592 20.3535 0 0
  593 20.3879 0 0
  594 20.4223 0 0
  595 20.4567 0 0
  596 20.4911 0 0
  597 20.5255 0 0
  598 20.5599 0 0
  599 20.5943 0 0
  600 20.6287 0 0
  601 20.6631 0 0
  602 20.6976 0 0
  603 20.732 0 0
  604 20.7664 0 0
  605 20.8008 0 0
  606 20.8352 0 0
  607 20.8696 0 0
  608 20.904 0 0
  609 20.9384 0 0
  610 20.9728 0 0
  611 21.0072 0 0
  612 21.0417 0 0
  613 21.0761 0 0
  614 21.1105 0 0
  615 21.1449 0 0
  616 21.1793 0 0
  617 21.2137 0 0
  618 21.2481 0 0
  619 21.2825 0 0
  620 21.3169 0 0
  621 21.3513 0 0
  622 21.3857 0 0
  623 21.4202 0 0
  624 21.4546 0 0
  625 21.489 0 0
  626 21.5234 0 0
  627 21.5578 0 0
  628 21.5922 0 0
  629 21.6266 0 0
  630 21.661 0 0
  631 21.6954 0 0
  632 21.7298 0 0
  633 21.7643 0 0
  634 21.7987 0 0
  635 21.8331 0 0
  636 21.8675 0 0
  637 21.9019 0 0
  638 21.9363 0 0
  639 21.9707 0 0
  640 22.0051 0 0
  641 22.0395 0 0
  642 22.0739 0 0
  643 22.1084 0 0
  644 22.1428 0 0
  645 22.1772 0 0
  646 22.2116 0 0
  647 22.246 0 0
  648 22.2804 0 0
  649 22.3148 0 0
  650 22.3492 0 0
  651 22.3836 0 0
  652 22.418 0 0
  653 22.4525 0 0
  654 22.4869 0 0
  655 22.5213 0 0
  656 22.5557 0 0
  657 22.5901 0 0
  658 22.6245 0 0
  659 22.6589 0 0
  660 22.6933 0 0
  661 22.7277 0 0
  662 22.7621 0 0
  663 22.7966 0 0
  664 22.831 0 0
  665 22.8654 0 0
  666 22.8998 0 0
  667 22.9342 0 0
  668 22.9686 0 0
  669 23.003 0 0
  670 23.0374 0 0
  671 23.0718 0 0
  672 23.1062 0 0
  673 23.1407 0 0
  674 23.1751 0 0
  675 23.2095 0 0
  676 23.2439 0 0
  677 23.2783 0 0
  678 23.3127 0 0
  679 23.3471 0 0
  680 23.3815 0 0
  681 23.4159 0 0
  682 23.4503 0 0
  683 23.4848 0 0
  684 23.5192 0 0
  685 23.5536 0 0
  686 23.588 0 0
  687 23.6224 0 0
  688 23.6568 0 0
  689 23.6912 0 0
  690 23.7256 0 0
  691 23.76 0 0
  692 23.7944 0 0
  693 23.8289 0 0
  694 23.8633 0 0
  695 23.8977 0 0
  696 23.9321 0 0
  697 23.9665 0 0
  698 24.0009 0 0
  699 24.0353 0 0
  700 24.0697 0 0
  701 24.1041 0 0
  702 24.1385 0 0
  703 24.173 0 0
  704 24.2074 0 0
  705 24.2418 0 0
  706 24.2762 0 0
  707 24.3106 0 0
  708 24.345 0 0
  709 24.3794 0 0
  710 24.4138 0 0
  711 24.4482 0 0
  712 24.4826 0 0
  713 24.517 0 0
  714 24.5515 0 0
  715 24.5859 0 0
  716 24.6203 0 0
  717 24.6547 0 0
  718 24.6891 0 0
  719 24.7235 0 0
  720 24.7579 0 0
  721 24.7923 0 0
  722 24.8267 0 0
  723 24.8611 0 0
  724 24.8956 0 0
  725 24.93 0 0
  726 24.9644 0 0
  727 24.9988 0 0
  728 25.0332 0 0
  729 25.0676 0 0
  730 25.102 0 0
  731 25.1364 0 0
  732 25.1708 0 0
  733 25.2052 0 0
  734 25.2397 0 0
  735 25.2741 0 0
  736 25.3085 0 0
  737 25.3429 0 0
  738 25.3773 0 0
  739 25.4117 0 0
  740 25.4461 0 0
  741 25.4805 0 0
  742 25.5149 0 0
  743 25.5493 0 0
  744 25.5838 0 0
  745 25.6182 0 0
  746 25.6526 0 0
  747 25.687 0 0
  748 25.7214 0 0
  749 25.7558 0 0
  750 25.7902 0 0
  751 25.8246 0 0
  752 25.859 0 0
  753 25.8934 0 0
  754 25.9279 0 0
  755 25.9623 0 0
  756 25.9967 0 0
  757 26.0311 0 0
  758 26.0655 0 0
  759 26.0999 0 0
  760 26.1343 0 0
  761 26.1687 0 0
  762 26.2031 0 0
  763 26.2375 0 0
  764 26.272 0 0
  765 26.3064 0 0
  766 26.3408 0 0
  767 26.3752 0 0
  768 26.4096 0 0
  769 26.444 0 0
  770 26.4784 0 0
  771 26.5128 0 0
  772 26.5472 0 0
  773 26.5816 0 0
  774 26.6161 0 0
  775 26.6505 0 0
  776 26.6849 0 0
  777 26.7193 0 0
  778 26.7537 0 0
  779 26.7881 0 0
  780 26.8225 0 0
  781 26.8569 0 0
  782 26.8913 0 0
  783 26.9257 0 0
  784 26.9602 0 0
  785 26.9946 0 0
  786 27.029 0 0
  787 27.0634 0 0
  788 27.0978 0 0
  789 27.1322 0 0
  790 27.1666 0 0
  791 27.201 0 0
  792 27.2354 0 0
  793 27.2698 0 0
  794 27.3043 0 0
  795 27.3387 0 0
  796 27.3731 0 0
  797 27.4075 0 0
  798 27.4419 0 0
  799 27.4763 0 0
  800 27.5107 0 0
  801 27.5451 0 0
  802 27.5795 0 0
  803 27.6139 0 0
  804 27.6484 0 0
  805 27.6828 0 0
  806 27.7172 0 0
  807 27.7516 0 0
  808 27.786 0 0
  809 27.8204 0 0
  810 27.8548 0 0
  811 27.8892 0 0
  812 27.9236 0 0
  813 27.958 0 0
  814 27.9924 0 0
  815 28.0269 0 0
  816 28.0613 0 0
  817 28.0957 0 0
  818 28.1301 0 0
  819 28.1645 0 0
  820 28.1989 0 0
  821 28.2333 0 0
  822 28.2677 0 0
  823 28.3021 0 0
  824 28.3365 0 0
  825 28.371 0 0
  826 28.4054 0 0
  827 28.4398 0 0
  828 28.4742 0 0
  829 28.5086 0 0
  830 28.543 0 0
  831 28.5774 0 0
  832 28.6118 0 0
  833 28.6462 0 0
  834 28.6806 0 0
  835 28.7151 0 0
  836 28.7495 0 0
  837 28.7839 0 0
  838 28.8183 0 0
  839 28.8527 0 0
  840 28.8871 0 0
  841 28.9215 0 0
  842 28.9559 0 0
  843 28.9903 0 0
  844 29.0247 0 0
  845 29.0592 0 0
  846 29.0936 0 0
  847 29.128 0 0
  848 29.1624 0 0
  849 29.1968 0 0
  850 29.2312 0 0
  851 29.2656 0 0
  852 29.3 0 0
  853 29.3344 0 0
  854 29.3688 0 0
  855 29.4033 0 0
  856 29.4377 0 0
  857 29.4721 0 0
  858 29.5065 0 0
  859 29.5409 0 0
  860 29.5753 0 0
  861 29.6097 0 0
  862 29.6441 0 0
  863 29.6785 0 0
  864 29.7129 0 0
  865 29.7474 0 0
  866 29.7818 0 0
  867 29.8162 0 0
  868 29.8506 0 0
  869 29.885 0 0
  870 29.9194 0 0
  871 29.9538 0 0
  872 29.9882 0 0
  873 30.0226 0 0
  874 30.057 0 0
  875 30.0915 0 0
  876 30.1259 0 0
  877 30.1603 0 0
  878 30.1947 0 0
  879 30.2291 0 0
  880 30.2635 0 0
  881 30.2979 0 0
  882 30.3323 0 0
  883 30.3667 0 0
  884 30.4011 0 0
  885 30.4356 0 0
  886 30.47 0 0
  887 30.5044 0 0
  888 30.5388 0 0
  889 30.5732 0 0
  890 30.6076 0 0
  891 30.642 0 0
  892 30.6764 0 0
  893 30.7108 0 0
  894 30.7452 0 0
  895 30.7797 0 0
  896 30.8141 0 0
  897 30.8485 0 0
  898 30.8829 0 0
  899 30.9173 0 0
  900 30.9517 0 0
  901 30.9861 0 0
  902 31.0205 0 0
  903 31.0549 0 0
  904 31.0893 0 0
  905 31.1237 0 0
  906 31.1582 0 0
  907 31.1926 0 0
  908 31.227 0 0
  909 31.2614 0 0
  910 31.2958 0 0
  911 31.3302 0 0
  912 31.3646 0 0
  913 31.399 0 0
  914 31.4334 0 0
  915 31.4678 0 0
  916 31.5023 0 0
  917 31.5367 0 0
  918 31.5711 0 0
  919 31.6055 0 0
  920 31.6399 0 0
  921 31.6743 0 0
  922 31.7087 0 0
  923 31.7431 0 0
  924 31.7775 0 0
  925 31.8119 0 0
  926 31.8464 0 0
  927 31.8808 0 0
  928 31.9152 0 0
  929 31.9496 0 0
  930 31.984 0 0
  931 32.0184 0 0
  932 32.0528 0 0
  933 32.0872 0 0
  934 32.1216 0 0
  935 32.156 0 0
  936 32.1905 0 0
  937 32.2249 0 0
  938 32.2593 0 0
  939 32.2937 0 0
  940 32.3281 0 0
  941 32.3625 0 0
  942 32.3969 0 0
  943 32.4313 0 0
  944 32.4657 0 0
  945 32.5001 0 0
  946 32.5346 0 0
  947 32.569 0 0
  948 32.6034 0 0
  949 32.6378 0 0
  950 32.6722 0 0
  951 32.7066 0 0
  952 32.741 0 0
  953 32.7754 0 0
  954 32.8098 0 0
  955 32.8442 0 0
  956 32.8787 0 0
  957 32.9131 0 0
  958 32.9475 0 0
  959 32.9819 0 0
  960 33.0163 0 0
  961 33.0507 0 0
  962 33.0851 0 0
  963 33.1195 0 0
  964 33.1539 0 0
  965 33.1883 0 0
  966 33.2228 0 0
  967 33.2572 0 0
  968 33.2916 0 0
  969 33.326 0 0
  970 33.3604 0 0
  971 33.3948 0 0
  972 33.4292 0 0
  973 33.4636 0 0
  974 33.498 0 0
  975 33.5324 0 0
  976 33.5669 0 0
  977 33.6013 0 0
  978 33.6357 0 0
  979 33.6701 0 0
  980 33.7045 0 0
  981 33.7389 0 0
  982 33.7733 0 0
  983 33.8077 0 0
  984 33.8421 0 0
  985 33.8765 0 0
  986 33.911 0 0
  987 33.9454 0 0
  988 33.9798 0 0
  989 34.0142 0 0
  990 34.0486 0 0
  991 34.083 0 0
  992 34.1174 0 0
  993 34.1518 0 0
  994 34.1862 0 0
  995 34.2206 0 0
  996 34.255 0 0
  997 34.2895 0 0
  998 34.3239 0 0
  999 34.3583 0 0
  1000 34.3927 0 0
20000 1000 1800
  1 0.0172049 0 0
  2 0.0516148 0 0
  3 0.0860247 0 0
  4 0.120435 0 0
  5 0.154845 0 0
  6 0.189254 0 0
  7 0.223664 0 0
  8 0.258074 0 0
  9 0.292484 0 0
  10 0.326894 0 0
  11 0.361304 0 0
  12 0.395714 0 0
  13 0.430124 0 0
  14 0.464534 0 0
  15 0.498943 0 0
  16 0.533353 0 0
  17 0.567763 0 0
  18 0.602173 0 0
  19 0.636583 0 0
  20 0.670993 0 0
  21 0.705403 0 0
  22 0.739813 0 0
  23 0.774223 0 0
  24 0.808633 0 0
  25 0.843042 0 0
  26 0.877452 0 0
  27 0.911862 0 0
  28 0.946272 0 0
  29 0.980682 0 0
  30 1.01509 0 0
  31 1.0495 0 0
  32 1.08391 0 0
  33 1.11832 0 0
  34 1.15273 0 0
  35 1.18714 0 0
  36 1.22155 0 0
  37 1.25596 0 0
  38 1.29037 0 0
  39 1.32478 0 0
  40 1.35919 0 0
  41 1.3936 0 0
  42 1.42801 0 0
  43 1.46242 0 0
  44 1.49683 0 0
  45 1.53124 0 0
  46 1.56565 0 0
  47 1.60006 0 0
  48 1.63447 0 0
  49 1.66888 0 0
  50 1.70329 0 0
  51 1.7377 0 0
  52 1.77211 0 0
  53 1.80652 0 0
  54 1.84093 0 0
  55 1.87534 0 0
  56 1.90975 0 0
  57 1.94416 0 0
  58 1.97857 0 0
  59 2.01298 0 0
  60 2.04739 0 0
  61 2.0818 0 0
  62 2.11621 0 0
  63 2.15062 0 0
  64 2.18503 0 0
  65 2.21944 0 0
  66 2.25385 0 0
  67 2.28826 0 0
  68 2.32267 0 0
  69 2.35708 0 0
  70 2.39149 0 0
  71 2.4259 0 0
  72 2.46031 0 0
  73 2.49472 0 0
  74 2.52913 0 0
  75 2.56354 0 0
  76 2.59795 0 0
  77 2.63236 0 0
  78 2.66677 0 0
  79 2.70118 0 0
  80 2.73559 0 0
  81 2.77 0 0
  82 2.80441 0 0
  83 2.83882 0 0
  84 2.87323 0 0
  85 2.90764 0 0
  86 2.94205 0 0
  87 2.97646 0 0
  88 3.01087 0.025 0.000807261
  89 3.04528 0.025 0.000807261
  90 3.07969 0.025 0.000807261
  91 3.1141 0 0
  92 3.14851 0.225 0.00726535
  93 3.18292 0.125 0.00403631
  94 3.21733 0.35 0.0113017
  95 3.25174 0.3 0.00968714
  96 3.28614 0.675 0.0217961
  97 3.32055 0.85 0.0274469
  98 3.35496 1.125 0.0363268
  99 3.38937 1.05 0.033905
  100 3.42378 0.95 0.0306759
  101 3.45819 1.2 0.0387485
  102 3.4926 1.025 0.0330977
  103 3.52701 1.125 0.0363268
  104 3.56142 1.2 0.0387485
  105 3.59583 1.275 0.0411703
  106 3.63024 0.975 0.0314832
  107 3.66465 0.9 0.0290614
  108 3.69906 1.1 0.0355195
  109 3.73347 1.25 0.0403631
  110 3.76788 1.325 0.0427849
  111 3.80229 1.15 0.037134
  112 3.8367 0.9 0.0290614
  113 3.87111 1.075 0.0347122
  114 3.90552 1.1 0.0355195
  115 3.93993 0.975 0.0314832
  116 3.97434 1.2 0.0387485
  117 4.00875 1.075 0.0347122
  118 4.04316 1.35 0.0435921
  119 4.07757 1.2 0.0387485
  120 4.11198 1.125 0.0363268
  121 4.14639 1.2 0.0387485
  122 4.1808 1.65 0.0532792
  123 4.21521 1.675 0.0540865
  124 4.24962 1.775 0.0573156
  125 4.28403 1.6 0.0516647
  126 4.31844 1.675 0.0540865
  127 4.35285 1.875 0.0605446
  128 4.38726 1.675 0.0540865
  129 4.42167 2.575 0.0831479
  130 4.45608 2.525 0.0815334
  131 4.49049 2.4 0.0774971
  132 4.5249 3 0.0968714
  133 4.55931 2.775 0.089606
  134 4.59372 2.875 0.0928351
  135 4.62813 2.7 0.0871842
  136 4.66254 3.2 0.103329
  137 4.69695 3.525 0.113824
  138 4.73136 3.425 0.110595
  139 4.76577 4.025 0.129969
  140 4.80018 3.6 0.116246
  141 4.83459 3.55 0.114631
  142 4.869 3.625 0.117053
  143 4.90341 3.45 0.111402
  144 4.93782 3.775 0.121896
  145 4.97223 3.975 0.128355
  146 5.00664 4.425 0.142885
  147 5.04105 4.125 0.133198
  148 5.07546 4.375 0.141271
  149 5.10987 4.575 0.147729
  150 5.14428 5.075 0.163874
  151 5.17869 4.875 0.157416
  152 5.2131 4.6 0.148536
  153 5.24751 4.975 0.160645
  154 5.28192 4.925 0.15903
  155 5.31633 5.1 0.164681
  156 5.35074 4.725 0.152572
  157 5.38515 4.925 0.15903
  158 5.41956 5.375 0.173561
  159 5.45397 5.1 0.164681
  160 5.48838 6.15 0.198586
  161 5.52279 5.8 0.187285
  162 5.5572 6.275 0.202623
  163 5.59161 6.3 0.20343
  164 5.62602 6.05 0.195357
  165 5.66043 7 0.226033
  166 5.69484 6.525 0.210695
  167 5.72925 6.725 0.217153
  168 5.76366 5.75 0.18567
  169 5.79807 6.275 0.202623
  170 5.83248 6.925 0.223611
  171 5.86689 6.925 0.223611
  172 5.9013 7.925 0.255902
  173 5.93571 8.025 0.259131
  174 5.97012 8.95 0.289
  175 6.00453 8.425 0.272047
  176 6.03894 9.125 0.29465
  177 6.07335 9.15 0.295458
  178 6.10776 10.4 0.335821
  179 6.14217 9.325 0.301108
  180 6.17658 10.6 0.342279
  181 6.21099 10.5 0.33905
  182 6.2454 9.65 0.311603
  183 6.27981 9.575 0.309181
  184 6.31422 9.6 0.309988
  185 6.34863 9.9 0.319675
  186 6.38304 9.075 0.293036
  187 6.41745 8.525 0.275276
  188 6.45186 9.225 0.297879
  189 6.48627 8.85 0.285771
  190 6.52067 9.1 0.293843
  191 6.55508 8.7 0.280927
  192 6.58949 8.275 0.267204
  193 6.6239 7.5 0.242178
  194 6.65831 8.775 0.283349
  195 6.69272 7.675 0.247829
  196 6.72713 8.65 0.279312
  197 6.76154 8.375 0.270433
  198 6.79595 8.525 0.275276
  199 6.83036 8 0.258324
  200 6.86477 8.05 0.259938
  201 6.89918 7.775 0.251058
  202 6.93359 8.65 0.279312
  203 6.968 6.975 0.225226
  204 7.00241 7.375 0.238142
  205 7.03682 8.8 0.284156
  206 7.07123 8.65 0.279312
  207 7.10564 8.1 0.261553
  208 7.14005 7.95 0.256709
  209 7.17446 7.8 0.251866
  210 7.20887 7.7 0.248636
  211 7.24328 7.175 0.231684
  212 7.27769 7.5 0.242178
  213 7.3121 7.475 0.241371
  214 7.34651 7.775 0.251058
  215 7.38092 7.575 0.2446
  216 7.41533 6.95 0.224419
  217 7.44974 7.525 0.242986
  218 7.48415 8.1 0.261553
  219 7.51856 7.825 0.252673
  220 7.55297 8.1 0.261553
  221 7.58738 8.375 0.270433
  222 7.62179 8.6 0.277698
  223 7.6562 8.6 0.277698
  224 7.69061 7.8 0.251866
  225 7.72502 8.55 0.276083
  226 7.75943 7.525 0.242986
  227 7.79384 7.1 0.229262
  228 7.82825 8.95 0.289
  229 7.86266 7.8 0.251866
  230 7.89707 7.8 0.251866
  231 7.93148 7.375 0.238142
  232 7.96589 7.975 0.257516
  233 8.0003 8.075 0.260745
  234 8.03471 8.1 0.261553
  235 8.06912 9.025 0.291421
  236 8.10353 8.6 0.277698
  237 8.13794 9.475 0.305952
  238 8.17235 8.2 0.264782
  239 8.20676 8.775 0.283349
  240 8.24117 9.05 0.292229
  241 8.27558 9.225 0.297879
  242 8.30999 9.075 0.293036
  243 8.3444 8.425 0.272047
  244 8.37881 9.225 0.297879
  245 8.41322 8.375 0.270433
  246 8.44763 8.35 0.269625
  247 8.48204 8.175 0.263974
  248 8.51645 7.575 0.2446
  249 8.55086 8.9 0.287385
  250 8.58527 8.25 0.266396
  251 8.61968 8.475 0.273662
  252 8.65409 9.6 0.309988
  253 8.6885 8.2 0.264782
  254 8.72291 8.85 0.285771
  255 8.75732 8.95 0.289
  256 8.79173 9.25 0.298687
  257 8.82614 9.325 0.301108
  258 8.86055 9.1 0.293843
  259 8.89496 9 0.290614
  260 8.92937 9.15 0.295458
  261 8.96378 9.575 0.309181
  262 8.99819 9.425 0.304338
  263 9.0326 9.375 0.302723
  264 9.06701 9.725 0.314025
  265 9.10142 9.575 0.309181
  266 9.13583 8.875 0.286578
  267 9.17024 9.575 0.309181
  268 9.20465 8.425 0.272047
  269 9.23906 9.575 0.309181
  270 9.27347 8.975 0.289807
  271 9.30788 8.55 0.276083
  272 9.34229 10.5 0.33905
  273 9.3767 9 0.290614
  274 9.41111 9.4 0.30353
  275 9.44552 9.45 0.305145
  276 9.47993 9.05 0.292229
  277 9.51434 10.325 0.333399
  278 9.54875 9.1 0.293843
  279 9.58316 10.525 0.339857
  280 9.61757 9.975 0.322097
  281 9.65198 9.425 0.304338
  282 9.68639 8.775 0.283349
  283 9.7208 10.2 0.329363
  284 9.75521 10.175 0.328555
  285 9.78961 9.375 0.302723
  286 9.82402 10.05 0.324519
  287 9.85843 9.775 0.315639
  288 9.89284 9.85 0.318061
  289 9.92725 9.35 0.301916
  290 9.96166 9.05 0.292229
  291 9.99607 10.175 0.328555
  292 10.0305 9.875 0.318868
  293 10.0649 9.3 0.300301
  294 10.0993 10.15 0.327748
  295 10.1337 9.225 0.297879
  296 10.1681 9.6 0.309988
  297 10.2025 9.15 0.295458
  298 10.2369 9.325 0.301108
  299 10.2714 9.925 0.320483
  300 10.3058 10.075 0.325326
  301 10.3402 10.85 0.350351
  302 10.3746 8.85 0.285771
  303 10.409 8.05 0.259938
  304 10.4434 10 0.322905
  305 10.4778 8.9 0.287385
  306 10.5122 9.2 0.297072
  307 10.5466 8.425 0.272047
  308 10.581 9.25 0.298687
  309 10.6155 8.75 0.282541
  310 10.6499 8.975 0.289807
  311 10.6843 9.325 0.301108
  312 10.7187 9.775 0.315639
  313 10.7531 9.575 0.309181
  314 10.7875 8.85 0.285771
  315 10.8219 9.875 0.318868
  316 10.8563 9.45 0.305145
  317 10.8907 9.9 0.319675
  318 10.9251 9.825 0.317254
  319 10.9596 9.6 0.309988
  320 10.994 10.6 0.342279
  321 11.0284 8.95 0.289
  322 11.0628 8.7 0.280927
  323 11.0972 9.125 0.29465
  324 11.1316 8.125 0.26236
  325 11.166 8.275 0.267204
  326 11.2004 7.75 0.250251
  327 11.2348 8.3 0.268011
  328 11.2692 8.375 0.270433
  329 11.3037 9.4 0.30353
  330 11.3381 7.6 0.245407
  331 11.3725 6.95 0.224419
  332 11.4069 6.95 0.224419
  333 11.4413 7.075 0.228455
  334 11.4757 6.55 0.211502
  335 11.5101 6.325 0.204237
  336 11.5445 5.5 0.177597
  337 11.5789 5.15 0.166296
  338 11.6133 5.75 0.18567
  339 11.6477 4.975 0.160645
  340 11.6822 4.725 0.152572
  341 11.7166 4.475 0.1445
  342 11.751 4.25 0.137234
  343 11.7854 4.075 0.131584
  344 11.8198 2.5 0.0807261
  345 11.8542 2.7 0.0871842
  346 11.8886 2.6 0.0839552
  347 11.923 2.525 0.0815334
  348 11.9574 2.425 0.0783044
  349 11.9918 2.7 0.0871842
  350 12.0263 2.75 0.0887987
  351 12.0607 2.825 0.0912205
  352 12.0951 2.475 0.0799189
  353 12.1295 2.625 0.0847624
  354 12.1639 2.525 0.0815334
  355 12.1983 2.525 0.0815334
  356 12.2327 3.025 0.0976786
  357 12.2671 1.8 0.0581228
  358 12.3015 2.375 0.0766898
  359 12.3359 2.1 0.06781
  360 12.3704 1.625 0.052472
  361 12.4048 2.05 0.0661954
  362 12.4392 1.9 0.0613519
  363 12.4736 1.45 0.0468212
  364 12.508 1.325 0.0427849
  365 12.5424 1.5 0.0484357
  366 12.5768 1.325 0.0427849
  367 12.6112 1.25 0.0403631
  368 12.6456 1.175 0.0379413
  369 12.68 0.9 0.0290614
  370 12.7145 0.95 0.0306759
  371 12.7489 1 0.0322905
  372 12.7833 1.25 0.0403631
  373 12.8177 1.225 0.0395558
  374 12.8521 0.95 0.0306759
  375 12.8865 1.05 0.033905
  376 12.9209 1.025 0.0330977
  377 12.9553 1.5 0.0484357
  378 12.9897 1.4 0.0452066
  379 13.0241 0.825 0.0266396
  380 13.0586 0.975 0.0314832
  381 13.093 0.875 0.0282541
  382 13.1274 0.85 0.0274469
  383 13.1618 0.725 0.0234106
  384 13.1962 0.5 0.0161452
  385 13.2306 0.525 0.0169525
  386 13.265 0.475 0.015338
  387 13.2994 0.45 0.0145307
  388 13.3338 0.6 0.0193743
  389 13.3682 0.4 0.0129162
  390 13.4027 0.8 0.0258324
  391 13.4371 0.475 0.015338
  392 13.4715 0.3 0.00968714
  393 13.5059 0.4 0.0129162
  394 13.5403 0.275 0.00887987
  395 13.5747 0.175 0.00565083
  396 13.6091 0.3 0.00968714
  397 13.6435 0.2 0.00645809
  398 13.6779 0.15 0.00484357
  399 13.7123 0.05 0.00161452
  400 13.7468 0.125 0.00403631
  401 13.7812 0.175 0.00565083
  402 13.8156 0.025 0.000807261
  403 13.85 0.1 0.00322905
  404 13.8844 0.05 0.00161452
  405 13.9188 0.175 0.00565083
  406 13.9532 0.175 0.00565083
  407 13.9876 0.1 0.00322905
  408 14.022 0.225 0.00726535
  409 14.0564 0.125 0.00403631
  410 14.0909 0.075 0.00242178
  411 14.1253 0.075 0.00242178
  412 14.1597 0.025 0.000807261
  413 14.1941 0.025 0.000807261
  414 14.2285 0 0
  415 14.2629 0 0
  416 14.2973 0 0
  417 14.3317 0 0
  418 14.3661 0 0
  419 14.4005 0 0
  420 14.435 0 0
  421 14.4694 0 0
  422 14.5038 0 0
  423 14.5382 0 0
  424 14.5726 0 0
  425 14.607 0 0
  426 14.6414 0 0
  427 14.6758 0 0
  428 14.7102 0 0
  429 14.7446 0 0
  430 14.779 0 0
  431 14.8135 0 0
  432 14.8479 0 0
  433 14.8823 0 0
  434 14.9167 0 0
  435 14.9511 0 0
  436 14.9855 0 0
  437 15.0199 0 0
  438 15.0543 0 0
  439 15.0887 0 0
  440 15.1231 0 0
  441 15.1576 0 0
  442 15.192 0 0
  443 15.2264 0 0
  444 15.2608 0 0
  445 15.2952 0 0
  446 15.3296 0 0
  447 15.364 0 0
  448 15.3984 0 0
  449 15.4328 0 0
  450 15.4672 0 0
  451 15.5017 0 0
  452 15.5361 0 0
  453 15.5705 0 0
  454 15.6049 0 0
  455 15.6393 0 0
  456 15.6737 0 0
  457 15.7081 0 0
  458 15.7425 0 0
  459 15.7769 0 0
  460 15.8113 0 0
  461 15.8458 0 0
  462 15.8802 0 0
  463 15.9146 0 0
  464 15.949 0 0
  465 15.9834 0 0
  466 16.0178 0 0
  467 16.0522 0 0
  468 16.0866 0 0
  469 16.121 0 0
  470 16.1554 0 0
  471 16.1899 0 0
  472 16.2243 0 0
  473 16.2587 0 0
  474 16.2931 0 0
  475 16.3275 0 0
  476 16.3619 0 0
  477 16.3963 0 0
  478 16.4307 0 0
  479 16.4651 0 0
  480 16.4995 0 0
  481 16.534 0 0
  482 16.5684 0 0
  483 16.6028 0 0
  484 16.6372 0 0
  485 16.6716 0 0
  486 16.706 0 0
  487 16.7404 0 0
  488 16.7748 0 0
  489 16.8092 0 0
  490 16.8436 0 0
  491 16.8781 0 0
  492 16.9125 0 0
  493 16.9469 0 0
  494 16.9813 0 0
  495 17.0157 0 0
  496 17.0501 0 0
  497 17.0845 0 0
  498 17.1189 0 0
  499 17.1533 0 0
  500 17.1877 0 0
  501 17.2222 0 0
  502 17.2566 0 0
  503 17.291 0 0
  504 17.3254 0 0
  505 17.3598 0 0
  506 17.3942 0 0
  507 17.4286 0 0
  508 17.463 0 0
  509 17.4974 0 0
  510 17.5318 0 0
  511 17.5663 0 0
  512 17.6007 0 0
  513 17.6351 0 0
  514 17.6695 0 0
  515 17.7039 0 0
  516 17.7383 0 0
  517 17.7727 0 0
  518 17.8071 0 0
  519 17.8415 0 0
  520 17.8759 0 0
  521 17.9103 0 0
  522 17.9448 0 0
  523 17.9792 0 0
  524 18.0136 0 0
  525 18.048 0 0
  526 18.0824 0 0
  527 18.1168 0 0
  528 18.1512 0 0
  529 18.1856 0 0
  530 18.22 0 0
  531 18.2544 0 0
  532 18.2889 0 0
  533 18.3233 0 0
  534 18.3577 0 0
  535 18.3921 0 0
  536 18.4265 0 0
  537 18.4609 0 0
  538 18.4953 0 0
  539 18.5297 0 0
  540 18.5641 0 0
  541 18.5985 0 0
  542 18.633 0 0
  543 18.6674 0 0
  544 18.7018 0 0
  545 18.7362 0 0
  546 18.7706 0 0
  547 18.805 0 0
  548 18.8394 0 0
  549 18.8738 0 0
  550 18.9082 0 0
  551 18.9426 0 0
  552 18.9771 0 0
  553 19.0115 0 0
  554 19.0459 0 0
  555 19.0803 0 0
  556 19.1147 0 0
  557 19.1491 0 0
  558 19.1835 0 0
  559 19.2179 0 0
  560 19.2523 0 0
  561 19.2867 0 0
  562 19.3212 0 0
  563 19.3556 0 0
  564 19.39 0 0
  565 19.4244 0 0
  566 19.4588 0 0
  567 19.4932 0 0
  568 19.5276 0 0
  569 19.562 0 0
  570 19.5964 0 0
  571 19.6308 0 0
  572 19.6653 0 0
  573 19.6997 0 0
  574 19.7341 0 0
  575 19.7685 0 0
  576 19.8029 0 0
  577 19.8373 0 0
  578 19.8717 0 0
  579 19.9061 0 0
  580 19.9405 0 0
  581 19.9749 0 0
  582 20.0094 0 0
  583 20.0438 0 0
  584 20.0782 0 0
  585 20.1126 0 0
  586 20.147 0 0
  587 20.1814 0 0
  588 20.2158 0 0
  589 20.2502 0 0
  590 20.2846 0 0
  591 20.319 0 0
  592 20.3535 0 0
  593 20.3879 0 0
  594 20.4223 0 0
  595 20.4567 0 0
  596 20.4911 0 0
  597 20.5255 0 0
  598 20.5599 0 0
  599 20.5943 0 0
  600 20.6287 0 0
  601 20.6631 0 0
  602 20.6976 0 0
  603 20.732 0 0
  604 20.7664 0 0
  605 20.8008 0 0
  606 20.8352 0 0
  607 20.8696 0 0
  608 20.904 0 0
  609 20.9384 0 0
  610 20.9728 0 0
  611 21.0072 0 0
  612 21.0417 0 0
  613 21.0761 0 0
  614 21.1105 0 0
  615 21.1449 0 0
  616 21.1793 0 0
  617 21.2137 0 0
  618 21.2481 0 0
  619 21.2825 0 0
  620 21.3169 0 0
  621 21.3513 0 0
  622 21.3857 0 0
  623 21.4202 0 0
  624 21.4546 0 0
  625 21.489 0 0
  626 21.5234 0 0
  627 21.5578 0 0
  628 21.5922 0 0
  629 21.6266 0 0
  630 21.661 0 0
  631 21.6954 0 0
  632 21.7298 0 0
  633 21.7643 0 0
  634 21.7987 0 0
  635 21.8331 0 0
  636 21.8675 0 0
  637 21.9019 0 0
  638 21.9363 0 0
  639 21.9707 0 0
  640 22.0051 0 0
  641 22.0395 0 0
  642 22.0739 0 0
  643 22.1084 0 0
  644 22.1428 0 0
  645 22.1772 0 0
  646 22.2116 0 0
  647 22.246 0 0
  648 22.2804 0 0
  649 22.3148 0 0
  650 22.3492 0 0
  651 22.3836 0 0
  652 22.418 0 0
  653 22.4525 0 0
  654 22.4869 0 0
  655 22.5213 0 0
  656 22.5557 0 0
  657 22.5901 0 0
  658 22.6245 0 0
  659 22.6589 0 0
  660 22.6933 0 0
  661 22.7277 0 0
  662 22.7621 0 0
  663 22.7966 0 0
  664 22.831 0 0
  665 22.8654 0 0
  666 22.8998 0 0
  667 22.9342 0 0
  668 22.9686 0 0
  669 23.003 0 0
  670 23.0374 0 0
  671 23.0718 0 0
  672 23.1062 0 0
  673 23.1407 0 0
  674 23.1751 0 0
  675 23.2095 0 0
  676 23.2439 0 0
  677 23.2783 0 0
  678 23.3127 0 0
  679 23.3471 0 0
  680 23.3815 0 0
  681 23.4159 0 0
  682 23.4503 0 0
  683 23.4848 0 0
  684 23.5192 0 0
  685 23.5536 0 0
  686 23.588 0 0
  687 23.6224 0 0
  688 23.6568 0 0
  689 23.6912 0 0
  690 23.7256 0 0
  691 23.76 0 0
  692 23.7944 0 0
  693 23.8289 0 0
  694 23.8633 0 0
  695 23.8977 0 0
  696 23.9321 0 0
  697 23.9665 0 0
  698 24.0009 0 0
  699 24.0353 0 0
  700 24.0697 0 0
  701 24.1041 0 0
  702 24.1385 0 0
  703 24.173 0 0
  704 24.2074 0 0
  705 24.2418 0 0
  706 24.2762 0 0
  707 24.3106 0 0
  708 24.345 0 0
  709 24.3794 0 0
  710 24.4138 0 0
  711 24.4482 0 0
  712 24.4826 0 0
  713 24.517 0 0
  714 24.5515 0 0
  715 24.5859 0 0
  716 24.6203 0 0
  717 24.6547 0 0
  718 24.6891 0 0
  719 24.7235 0 0
  720 24.7579 0 0
  721 24.7923 0 0
  722 24.8267 0 0
  723 24.8611 0 0
  724 24.8956 0 0
  725 24.93 0 0
  726 24.9644 0 0
  727 24.9988 0 0
  728 25.0332 0 0
  729 25.0676 0 0
  730 25.102 0 0
  731 25.1364 0 0
  732 25.1708 0 0
  733 25.2052 0 0
  734 25.2397 0 0
  735 25.2741 0 0
  736 25.3085 0 0
  737 25.3429 0 0
  738 25.3773 0 0
  739 25.4117 0 0
  740 25.4461 0 0
  741 25.4805 0 0
  742 25.5149 0 0
  743 25.5493 0 0
  744 25.5838 0 0
  745 25.6182 0 0
  746 25.6526 0 0
  747 25.687 0 0
  748 25.7214 0 0
  749 25.7558 0 0
  750 25.7902 0 0
  751 25.8246 0 0
  752 25.859 0 0
  753 25.8934 0 0
  754 25.9279 0 0
  755 25.9623 0 0
  756 25.9967 0 0
  757 26.0311 0 0
  758 26.0655 0 0
  759 26.0999 0 0
  760 26.1343 0 0
  761 26.1687 0 0
  762 26.2031 0 0
  763 26.2375 0 0
  764 26.272 0 0
  765 26.3064 0 0
  766 26.3408 0 0
  767 26.3752 0 0
  768 26.4096 0 0
  769 26.444 0 0
  770 26.4784 0 0
  771 26.5128 0 0
  772 26.5472 0 0
  773 26.5816 0 0
  774 26.6161 0 0
  775 26.6505 0 0
  776 26.6849 0 0
  777 26.7193 0 0
  778 26.7537 0 0
  779 26.7881 0 0
  780 26.8225 0 0
  781 26.8569 0 0
  782 26.8913 0 0
  783 26.9257 0 0
  784 26.9602 0 0
  785 26.9946 0 0
  786 27.029 0 0
  787 27.0634 0 0
  788 27.0978 0 0
  789 27.1322 0 0
  790 27.1666 0 0
  791 27.201 0 0
  792 27.2354 0 0
  793 27.2698 0 0
  794 27.3043 0 0
  795 27.3387 0 0
  796 27.3731 0 0
  797 27.4075 0 0
  798 27.4419 0 0
  799 27.4763 0 0
  800 27.5107 0 0
  801 27.5451 0 0
  802 27.5795 0 0
  803 27.6139 0 0
  804 27.6484 0 0
  805 27.6828 0 0
  806 27.7172 0 0
  807 27.7516 0 0
  808 27.786 0 0
  809 27.8204 0 0
  810 27.8548 0 0
  811 27.8892 0 0
  812 27.9236 0 0
  813 27.958 0 0
  814 27.9924 0 0
  815 28.0269 0 0
  816 28.0613 0 0
  817 28.0957 0 0
  818 28.1301 0 0
  819 28.1645 0 0
  820 28.1989 0 0
  821 28.2333 0 0
  822 28.2677 0 0
  823 28.3021 0 0
  824 28.3365 0 0
  825 28.371 0 0
  826 28.4054 0 0
  827 28.4398 0 0
  828 28.4742 0 0
  829 28.5086 0 0
  830 28.543 0 0
  831 28.5774 0 0
  832 28.6118 0 0
  833 28.6462 0 0
  834 28.6806 0 0
  835 28.7151 0 0
  836 28.7495 0 0
  837 28.7839 0 0
  838 28.8183 0 0
  839 28.8527 0 0
  840 28.8871 0 0
  841 28.9215 0 0
  842 28.9559 0 0
  843 28.9903 0 0
  844 29.0247 0 0
  845 29.0592 0 0
  846 29.0936 0 0
  847 29.128 0 0
  848 29.1624 0 0
  849 29.1968 0 0
  850 29.2312 0 0
  851 29.2656 0 0
  852 29.3 0 0
  853 29.3344 0 0
  854 29.3688 0 0
  855 29.4033 0 0
  856 29.4377 0 0
  857 29.4721 0 0
  858 29.5065 0 0
  859 29.5409 0 0
  860 29.5753 0 0
  861 29.6097 0 0
  862 29.6441 0 0
  863 29.6785 0 0
  864 29.7129 0 0
  865 29.7474 0 0
  866 29.7818 0 0
  867 29.8162 0 0
  868 29.8506 0 0
  869 29.885 0 0
  870 29.9194 0 0
  871 29.9538 0 0
  872 29.9882 0 0
  873 30.0226 0 0
  874 30.057 0 0
  875 30.0915 0 0
  876 30.1259 0 0
  877 30.1603 0 0
  878 30.1947 0 0
  879 30.2291 0 0
  880 30.2635 0 0
  881 30.2979 0 0
  882 30.3323 0 0
  883 30.3667 0 0
  884 30.4011 0 0
  885 30.4356 0 0
  886 30.47 0 0
  887 30.5044 0 0
  888 30.5388 0 0
  889 30.5732 0 0
  890 30.6076 0 0
  891 30.642 0 0
  892 30.6764 0 0
  893 30.7108 0 0
  894 30.7452 0 0
  895 30.7797 0 0
  896 30.8141 0 0
  897 30.8485 0 0
  898 30.8829 0 0
  899 30.9173 0 0
  900 30.9517 0 0
  901 30.9861 0 0
  902 31.0205 0 0
  903 31.0549 0 0
  904 31.0893 0 0
  905 31.1237 0 0
  906 31.1582 0 0
  907 31.1926 0 0
  908 31.227 0 0
  909 31.2614 0 0
  910 31.2958 0 0
  911 31.3302 0 0
  912 31.3646 0 0
  913 31.399 0 0
  914 31.4334 0 0
  915 31.4678 0 0
  916 31.5023 0 0
  917 31.5367 0 0
  918 31.5711 0 0
  919 31.6055 0 0
  920 31.6399 0 0
  921 31.6743 0 0
  922 31.7087 0 0
  923 31.7431 0 0
  924 31.7775 0 0
  925 31.8119 0 0
  926 31.8464 0 0
  927 31.8808 0 0
  928 31.9152 0 0
  929 31.9496 0 0
  930 31.984 0 0
  931 32.0184 0 0
  932 32.0528 0 0
  933 32.0872 0 0
  934 32.1216 0 0
  935 32.156 0 0
  936 32.1905 0 0
  937 32.2249 0 0
  938 32.2593 0 0
  939 32.2937 0 0
  940 32.3281 0 0
  941 32.3625 0 0
  942 32.3969 0 0
  943 32.4313 0 0
  944 32.4657 0 0
  945 32.5001 0 0
  946 32.5346 0 0
  947 32.569 0 0
  948 32.6034 0 0
  949 32.6378 0 0
  950 32.6722 0 0
  951 32.7066 0 0
  952 32.741 0 0
  953 32.7754 0 0
  954 32.8098 0 0
  955 32.8442 0 0
  956 32.8787 0 0
  957 32.9131 0 0
  958 32.9475 0 0
  959 32.9819 0 0
  960 33.0163 0 0
  961 33.0507 0 0
  962 33.0851 0 0
  963 33.1195 0 0
  964 33.1539 0 0
  965 33.1883 0 0
  966 33.2228 0 0
  967 33.2572 0 0
  968 33.2916 0 0
  969 33.326 0 0
  970 33.3604 0 0
  971 33.3948 0 0
  972 33.4292 0 0
  973 33.4636 0 0
  974 33.498 0 0
  975 33.5324 0 0
  976 33.5669 0 0
  977 33.6013 0 0
  978 33.6357 0 0
  979 33.6701 0 0
  980 33.7045 0 0
  981 33.7389 0 0
  982 33.7733 0 0
  983 33.8077 0 0
  984 33.8421 0 0
  985 33.8765 0 0
  986 33.911 0 0
  987 33.9454 0 0
  988 33.9798 0 0
  989 34.0142 0 0
  990 34.0486 0 0
  991 34.083 0 0
  992 34.1174 0 0
  993 34.1518 0 0
  994 34.1862 0 0
  995 34.2206 0 0
  996 34.255 0 0
  997 34.2895 0 0
  998 34.3239 0 0
  999 34.3583 0 0
  1000 34.3927 0 0
24000 1000 1800
  1 0.0172049 0 0
  2 0.0516148 0 0
  3 0.0860247 0 0
  4 0.120435 0 0
  5 0.154845 0 0
  6 0.189254 0 0
  7 0.223664 0 0
  8 0.258074 0 0
  9 0.292484 0 0
  10 0.326894 0 0
  11 0.361304 0 0
  12 0.395714 0 0
  13 0.430124 0 0
  14 0.464534 0 0
  15 0.498943 0 0
  16 0.533353 0 0
  17 0.567763 0 0
  18 0.602173 0 0
  19 0.636583 0 0
  20 0.670993 0 0
  21 0.705403 0 0
  22 0.739813 0 0
  23 0.774223 0 0
  24 0.808633 0 0
  25 0.843042 0 0
  26 0.877452 0 0
  27 0.911862 0 0
  28 0.946272 0 0
  29 0.980682 0 0
  30 1.01509 0 0
  31 1.0495 0 0
  32 1.08391 0 0
  33 1.11832 0 0
  34 1.15273 0 0
  35 1.18714 0 0
  36 1.22155 0 0
  37 1.25596 0 0
  38 1.29037 0 0
  39 1.32478 0 0
  40 1.35919 0 0
  41 1.3936 0 0
  42 1.42801 0 0
  43 1.46242 0 0
  44 1.49683 0 0
  45 1.53124 0 0
  46 1.56565 0 0
  47 1.60006 0 0
  48 1.63447 0 0
  49 1.66888 0 0
  50 1.70329 0 0
  51 1.7377 0 0
  52 1.77211 0 0
  53 1.80652 0 0
  54 1.84093 0 0
  55 1.87534 0 0
  56 1.90975 0 0
  57 1.94416 0 0
  58 1.97857 0 0
  59 2.01298 0 0
  60 2.04739 0 0
  61 2.0818 0 0
  62 2.11621 0 0
  63 2.15062 0 0
  64 2.18503 0 0
  65 2.21944 0 0
  66 2.25385 0 0
  67 2.28826 0 0
  68 2.32267 0 0
  69 2.35708 0 0
  70 2.39149 0 0
  71 2.4259 0 0
  72 2.46031 0 0
  73 2.49472 0 0
  74 2.52913 0 0
  75 2.56354 0 0
  76 2.59795 0 0
  77 2.63236 0 0
  78 2.66677 0 0
  79 2.70118 0 0
  80 2.73559 0 0
  81 2.77 0 0
  82 2.80441 0 0
  83 2.83882 0 0
  84 2.87323 0 0
  85 2.90764 0 0
  86 2.94205 0 0
  87 2.97646 0 0
  88 3.01087 0 0
  89 3.04528 0 0
  90 3.07969 0.025 0.000807261
  91 3.1141 0.075 0.00242178
  92 3.14851 0.075 0.00242178
  93 3.18292 0.125 0.00403631
  94 3.21733 0.2 0.00645809
  95 3.25174 0.65 0.0209888
  96 3.28614 0.825 0.0266396
  97 3.32055 1.075 0.0347122
  98 3.35496 1.125 0.0363268
  99 3.38937 1.575 0.0508575
  100 3.42378 1.6 0.0516647
  101 3.45819 2.225 0.0718463
  102 3.4926 2 0.0645809
  103 3.52701 2.075 0.0670027
  104 3.56142 2.35 0.0758826
  105 3.59583 2.325 0.0750753
  106 3.63024 1.825 0.0589301
  107 3.66465 2.225 0.0718463
  108 3.69906 1.925 0.0621591
  109 3.73347 2.375 0.0766898
  110 3.76788 2.35 0.0758826
  111 3.80229 2.175 0.0702317
  112 3.8367 2.15 0.0694245
  113 3.87111 2.4 0.0774971
  114 3.90552 2.925 0.0944496
  115 3.93993 2.325 0.0750753
  116 3.97434 2.35 0.0758826
  117 4.00875 2.525 0.0815334
  118 4.04316 2.8 0.0904133
  119 4.07757 2.25 0.0726535
  120 4.11198 3.075 0.0992931
  121 4.14639 2.65 0.0855697
  122 4.1808 2.225 0.0718463
  123 4.21521 2.65 0.0855697
  124 4.24962 2.65 0.0855697
  125 4.28403 3 0.0968714
  126 4.31844 2.875 0.0928351
  127 4.35285 3.525 0.113824
  128 4.38726 3.3 0.106558
  129 4.42167 3.025 0.0976786
  130 4.45608 3.125 0.100908
  131 4.49049 3.625 0.117053
  132 4.5249 4.3 0.138849
  133 4.55931 3.75 0.121089
  134 4.59372 3.725 0.120282
  135 4.62813 4.75 0.15338
  136 4.66254 3.775 0.121896
  137 4.69695 4.475 0.1445
  138 4.73136 4.6 0.148536
  139 4.76577 4.6 0.148536
  140 4.80018 4.65 0.150151
  141 4.83459 4.875 0.157416
  142 4.869 5.5 0.177597
  143 4.90341 5.3 0.171139
  144 4.93782 5.325 0.171947
  145 4.97223 5.875 0.189706
  146 5.00664 5.175 0.167103
  147 5.04105 5.775 0.186477
  148 5.07546 5.775 0.186477
  149 5.10987 6.175 0.199394
  150 5.14428 5.875 0.189706
  151 5.17869 5.375 0.173561
  152 5.2131 5.9 0.190514
  153 5.24751 7.725 0.249444
  154 5.28192 7.175 0.231684
  155 5.31633 6.65 0.214732
  156 5.35074 7.475 0.241371
  157 5.38515 7.2 0.232491
  158 5.41956 7.975 0.257516
  159 5.45397 7 0.226033
  160 5.48838 7.85 0.25348
  161 5.52279 8.325 0.268818
  162 5.5572 8.2 0.264782
  163 5.59161 8.15 0.263167
  164 5.62602 8.075 0.260745
  165 5.66043 8.375 0.270433
  166 5.69484 8.475 0.273662
  167 5.72925 9.1 0.293843
  168 5.76366 8.575 0.276891
  169 5.79807 9.45 0.305145
  170 5.83248 10.375 0.335013
  171 5.86689 10.125 0.326941
  172 5.9013 9.625 0.310796
  173 5.93571 9.675 0.31241
  174 5.97012 9.45 0.305145
  175 6.00453 10.175 0.328555
  176 6.03894 9.75 0.314832
  177 6.07335 10.575 0.341472
  178 6.10776 11.025 0.356002
  179 6.14217 11.1 0.358424
  180 6.17658 11.1 0.358424
  181 6.21099 10.975 0.354388
  182 6.2454 12.1 0.390714
  183 6.27981 12.225 0.394751
  184 6.31422 12.55 0.405245
  185 6.34863 13.1 0.423005
  186 6.38304 14.2 0.458524
  187 6.41745 12.7 0.410089
  188 6.45186 13.4 0.432692
  189 6.48627 13.8 0.445608
  190 6.52067 14.1 0.455295
  191 6.55508 15.1 0.487586
  192 6.58949 14.975 0.48355
  193 6.6239 14.8 0.477899
  194 6.65831 15.65 0.505346
  195 6.69272 17.35 0.560239
  196 6.72713 15.7 0.50696
  197 6.76154 16.35 0.527949
  198 6.79595 15.25 0.492429
  199 6.83036 15.875 0.512611
  200 6.86477 14.125 0.456103
  201 6.89918 14 0.452066
  202 6.93359 13.05 0.42139
  203 6.968 14.275 0.460946
  204 7.00241 14.625 0.472248
  205 7.03682 14.15 0.45691
  206 7.07123 14.825 0.478706
  207 7.10564 13.9 0.448837
  208 7.14005 14.45 0.466597
  209 7.17446 14.375 0.464175
  210 7.20887 14.175 0.457717
  211 7.24328 14.2 0.458524
  212 7.27769 14.275 0.460946
  213 7.3121 13.875 0.44803
  214 7.34651 13.3 0.429463
  215 7.38092 13.925 0.449645
  216 7.41533 14.5 0.468212
  217 7.44974 13.7 0.442379
  218 7.48415 13.875 0.44803
  219 7.51856 12.975 0.418969
  220 7.55297 13.475 0.435114
  221 7.58738 14.4 0.464983
  222 7.62179 13.675 0.441572
  223 7.6562 14.075 0.454488
  224 7.69061 13.85 0.447223
  225 7.72502 13.825 0.446416
  226 7.75943 13.325 0.43027
  227 7.79384 12.9 0.416547
  228 7.82825 13.05 0.42139
  229 7.86266 12.825 0.414125
  230 7.89707 12.825 0.414125
  231 7.93148 14.05 0.453681
  232 7.96589 12.025 0.388293
  233 8.0003 13.175 0.425427
  234 8.03471 13.25 0.427849
  235 8.06912 13.6 0.43915
  236 8.10353 13.175 0.425427
  237 8.13794 13.275 0.428656
  238 8.17235 13.675 0.441572
  239 8.20676 13.9 0.448837
  240 8.24117 13.2 0.426234
  241 8.27558 14.1 0.455295
  242 8.30999 12.95 0.418161
  243 8.3444 12.85 0.414932
  244 8.37881 12.675 0.409282
  245 8.41322 13 0.419776
  246 8.44763 12.15 0.392329
  247 8.48204 12.875 0.41574
  248 8.51645 12.6 0.40686
  249 8.55086 12.6 0.40686
  250 8.58527 14.85 0.479513
  251 8.61968 12.125 0.391522
  252 8.65409 12.875 0.41574
  253 8.6885 12.4 0.400402
  254 8.72291 12.775 0.412511
  255 8.75732 12.275 0.396365
  256 8.79173 12.75 0.411703
  257 8.82614 12.75 0.411703
  258 8.86055 11.375 0.367304
  259 8.89496 12.3 0.397173
  260 8.92937 11.575 0.373762
  261 8.96378 12.775 0.412511
  262 8.99819 12.675 0.409282
  263 9.0326 10.95 0.35358
  264 9.06701 11.2 0.361653
  265 9.10142 12.075 0.389907
  266 9.13583 11.675 0.376991
  267 9.17024 10.35 0.334206
  268 9.20465 10.175 0.328555
  269 9.23906 9.95 0.32129
  270 9.27347 9.825 0.317254
  271 9.30788 9.225 0.297879
  272 9.34229 9.675 0.31241
  273 9.3767 8.675 0.28012
  274 9.41111 8.8 0.284156
  275 9.44552 8.275 0.267204
  276 9.47993 8.1 0.261553
  277 9.51434 8.05 0.259938
  278 9.54875 6.775 0.218768
  279 9.58316 6.475 0.209081
  280 9.61757 6.275 0.202623
  281 9.65198 6.25 0.201815
  282 9.68639 5.225 0.168718
  283 9.7208 4.45 0.143693
  284 9.75521 4.65 0.150151
  285 9.78961 4.5 0.145307
  286 9.82402 3.075 0.0992931
  287 9.85843 2.7 0.0871842
  288 9.89284 2.625 0.0847624
  289 9.92725 2.45 0.0791116
  290 9.96166 2.625 0.0847624
  291 9.99607 2.75 0.0887987
  292 10.0305 3.175 0.102522
  293 10.0649 3.05 0.0984859
  294 10.0993 3.375 0.10898
  295 10.1337 2.475 0.0799189
  296 10.1681 2.8 0.0904133
  297 10.2025 2.975 0.0960641
  298 10.2369 2.175 0.0702317
  299 10.2714 2.45 0.0791116
  300 10.3058 1.625 0.052472
  301 10.3402 1.575 0.0508575
  302 10.3746 1.7 0.0548938
  303 10.409 1.25 0.0403631
  304 10.4434 1.25 0.0403631
  305 10.4778 1.05 0.033905
  306 10.5122 0.775 0.0250251
  307 10.5466 1.275 0.0411703
  308 10.581 0.675 0.0217961
  309 10.6155 0.7 0.0226033
  310 10.6499 0.55 0.0177597
  311 10.6843 0.65 0.0209888
  312 10.7187 0.425 0.0137234
  313 10.7531 0.5 0.0161452
  314 10.7875 0.3 0.00968714
  315 10.8219 0.3 0.00968714
  316 10.8563 0.225 0.00726535
  317 10.8907 0.225 0.00726535
  318 10.9251 0.2 0.00645809
  319 10.9596 0.2 0.00645809
  320 10.994 0.075 0.00242178
  321 11.0284 0.175 0.00565083
  322 11.0628 0.225 0.00726535
  323 11.0972 0.175 0.00565083
  324 11.1316 0.1 0.00322905
  325 11.166 0.25 0.00807261
  326 11.2004 0.15 0.00484357
  327 11.2348 0.15 0.00484357
  328 11.2692 0.175 0.00565083
  329 11.3037 0.075 0.00242178
  330 11.3381 0.05 0.00161452
  331 11.3725 0.025 0.000807261
  332 11.4069 0 0
  333 11.4413 0.05 0.00161452
  334 11.4757 0 0
  335 11.5101 0 0
  336 11.5445 0 0
  337 11.5789 0 0
  338 11.6133 0 0
  339 11.6477 0 0
  340 11.6822 0 0
  341 11.7166 0 0
  342 11.751 0 0
  343 11.7854 0 0
  344 11.8198 0 0
  345 11.8542 0 0
  346 11.8886 0 0
  347 11.923 0 0
  348 11.9574 0 0
  349 11.9918 0 0
  350 12.0263 0 0
  351 12.0607 0 0
  352 12.0951 0 0
  353 12.1295 0 0
  354 12.1639 0 0
  355 12.1983 0 0
  356 12.2327 0 0
  357 12.2671 0 0
  358 12.3015 0 0
  359 12.3359 0 0
  360 12.3704 0 0
  361 12.4048 0 0
  362 12.4392 0 0
  363 12.4736 0 0
  364 12.508 0 0
  365 12.5424 0 0
  366 12.5768 0 0
  367 12.6112 0 0
  368 12.6456 0 0
  369 12.68 0 0
  370 12.7145 0 0
  371 12.7489 0 0
  372 12.7833 0 0
  373 12.8177 0 0
  374 12.8521 0 0
  375 12.8865 0 0
  376 12.9209 0 0
  377 12.9553 0 0
  378 12.9897 0 0
  379 13.0241 0 0
  380 13.0586 0 0
  381 13.093 0 0
  382 13.1274 0 0
  383 13.1618 0 0
  384 13.1962 0 0
  385 13.2306 0 0
  386 13.265 0 0
  387 13.2994 0 0
  388 13.3338 0 0
  389 13.3682 0 0
  390 13.4027 0 0
  391 13.4371 0 0
  392 13.4715 0 0
  393 13.5059 0 0
  394 13.5403 0 0
  395 13.5747 0 0
  396 13.6091 0 0
  397 13.6435 0 0
  398 13.6779 0 0
  399 13.7123 0 0
  400 13.7468 0 0
  401 13.7812 0 0
  402 13.8156 0 0
  403 13.85 0 0
  404 13.8844 0 0
  405 13.9188 0 0
  406 13.9532 0 0
  407 13.9876 0 0
  408 14.022 0 0
  409 14.0564 0 0
  410 14.0909 0 0
  411 14.1253 0 0
  412 14.1597 0 0
  413 14.1941 0 0
  414 14.2285 0 0
  415 14.2629 0 0
  416 14.2973 0 0
  417 14.3317 0 0
  418 14.3661 0 0
  419 14.4005 0 0
  420 14.435 0 0
  421 14.4694 0 0
  422 14.5038 0 0
  423 14.5382 0 0
  424 14.5726 0 0
  425 14.607 0 0
  426 14.6414 0 0
  427 14.6758 0 0
  428 14.7102 0 0
  429 14.7446 0 0
  430 14.779 0 0
  431 14.8135 0 0
  432 14.8479 0 0
  433 14.8823 0 0
  434 14.9167 0 0
  435 14.9511 0 0
  436 14.9855 0 0
  437 15.0199 0 0
  438 15.0543 0 0
  439 15.0887 0 0
  440 15.1231 0 0
  441 15.1576 0 0
  442 15.192 0 0
  443 15.2264 0 0
  444 15.2608 0 0
  445 15.2952 0 0
  446 15.3296 0 0
  447 15.364 0 0
  448 15.3984 0 0
  449 15.4328 0 0
  450 15.4672 0 0
  451 15.5017 0 0
  452 15.5361 0 0
  453 15.5705 0 0
  454 15.6049 0 0
  455 15.6393 0 0
  456 15.6737 0 0
  457 15.7081 0 0
  458 15.7425 0 0
  459 15.7769 0 0
  460 15.8113 0 0
  461 15.8458 0 0
  462 15.8802 0 0
  463 15.9146 0 0
  464 15.949 0 0
  465 15.9834 0 0
  466 16.0178 0 0
  467 16.0522 0 0
  468 16.0866 0 0
  469 16.121 0 0
  470 16.1554 0 0
  471 16.1899 0 0
  472 16.2243 0 0
  473 16.2587 0 0
  474 16.2931 0 0
  475 16.3275 0 0
  476 16.3619 0 0
  477 16.3963 0 0
  478 16.4307 0 0
  479 16.4651 0 0
  480 16.4995 0 0
  481 16.534 0 0
  482 16.5684 0 0
  483 16.6028 0 0
  484 16.6372 0 0
  485 16.6716 0 0
  486 16.706 0 0
  487 16.7404 0 0
  488 16.7748 0 0
  489 16.8092 0 0
  490 16.8436 0 0
  491 16.8781 0 0
  492 16.9125 0 0
  493 16.9469 0 0
  494 16.9813 0 0
  495 17.0157 0 0
  496 17.0501 0 0
  497 17.0845 0 0
  498 17.1189 0 0
  499 17.1533 0 0
  500 17.1877 0 0
  501 17.2222 0 0
  502 17.2566 0 0
  503 17.291 0 0
  504 17.3254 0 0
  505 17.3598 0 0
  506 17.3942 0 0
  507 17.4286 0 0
  508 17.463 0 0
  509 17.4974 0 0
  510 17.5318 0 0
  511 17.5663 0 0
  512 17.6007 0 0
  513 17.6351 0 0
  514 17.6695 0 0
  515 17.7039 0 0
  516 17.7383 0 0
  517 17.7727 0 0
  518 17.8071 0 0
  519 17.8415 0 0
  520 17.8759 0 0
  521 17.9103 0 0
  522 17.9448 0 0
  523 17.9792 0 0
  524 18.0136 0 0
  525 18.048 0 0
  526 18.0824 0 0
  527 18.1168 0 0
  528 18.1512 0 0
  529 18.1856 0 0
  530 18.22 0 0
  531 18.2544 0 0
  532 18.2889 0 0
  533 18.3233 0 0
  534 18.3577 0 0
  535 18.3921 0 0
  536 18.4265 0 0
  537 18.4609 0 0
  538 18.4953 0 0
  539 18.5297 0 0
  540 18.5641 0 0
  541 18.5985 0 0
  542 18.633 0 0
  543 18.6674 0 0
  544 18.7018 0 0
  545 18.7362 0 0
  546 18.7706 0 0
  547 18.805 0 0
  548 18.8394 0 0
  549 18.8738 0 0
  550 18.9082 0 0
  551 18.9426 0 0
  552 18.9771 0 0
  553 19.0115 0 0
  554 19.0459 0 0
  555 19.0803 0 0
  556 19.1147 0 0
  557 19.1491 0 0
  558 19.1835 0 0
  559 19.2179 0 0
  560 19.2523 0 0
  561 19.2867 0 0
  562 19.3212 0 0
  563 19.3556 0 0
  564 19.39 0 0
  565 19.4244 0 0
  566 19.4588 0 0
  567 19.4932 0 0
  568 19.5276 0 0
  569 19.562 0 0
  570 19.5964 0 0
  571 19.6308 0 0
  572 19.6653 0 0
  573 19.6997 0 0
  574 19.7341 0 0
  575 19.7685 0 0
  576 19.8029 0 0
  577 19.8373 0 0
  578 19.8717 0 0
  579 19.9061 0 0
  580 19.9405 0 0
  581 19.9749 0 0
  582 20.0094 0 0
  583 20.0438 0 0
  584 20.0782 0 0
  585 20.1126 0 0
  586 20.147 0 0
  587 20.1814 0 0
  588 20.2158 0 0
  589 20.2502 0 0
  590 20.2846 0 0
  591 20.319 0 0
  592 20.3535 0 0
  593 20.3879 0 0
  594 20.4223 0 0
  595 20.4567 0 0
  596 20.4911 0 0
  597 20.5255 0 0
  598 20.5599 0 0
  599 20.5943 0 0
  600 20.6287 0 0
  601 20.6631 0 0
  602 20.6976 0 0
  603 20.732 0 0
  604 20.7664 0 0
  605 20.8008 0 0
  606 20.8352 0 0
  607 20.8696 0 0
  608 20.904 0 0
  609 20.9384 0 0
  610 20.9728 0 0
  611 21.0072 0 0
  612 21.0417 0 0
  613 21.0761 0 0
  614 21.1105 0 0
  615 21.1449 0 0
  616 21.1793 0 0
  617 21.2137 0 0
  618 21.2481 0 0
  619 21.2825 0 0
  620 21.3169 0 0
  621 21.3513 0 0
  622 21.3857 0 0
  623 21.4202 0 0
  624 21.4546 0 0
  625 21.489 0 0
  626 21.5234 0 0
  627 21.5578 0 0
  628 21.5922 0 0
  629 21.6266 0 0
  630 21.661 0 0
  631 21.6954 0 0
  632 21.7298 0 0
  633 21.7643 0 0
  634 21.7987 0 0
  635 21.8331 0 0
  636 21.8675 0 0
  637 21.9019 0 0
  638 21.9363 0 0
  639 21.9707 0 0
  640 22.0051 0 0
  641 22.0395 0 0
  642 22.0739 0 0
  643 22.1084 0 0
  644 22.1428 0 0
  645 22.1772 0 0
  646 22.2116 0 0
  647 22.246 0 0
  648 22.2804 0 0
  649 22.3148 0 0
  650 22.3492 0 0
  651 22.3836 0 0
  652 22.418 0 0
  653 22.4525 0 0
  654 22.4869 0 0
  655 22.5213 0 0
  656 22.5557 0 0
  657 22.5901 0 0
  658 22.6245 0 0
  659 22.6589 0 0
  660 22.6933 0 0
  661 22.7277 0 0
  662 22.7621 0 0
  663 22.7966 0 0
  664 22.831 0 0
  665 22.8654 0 0
  666 22.8998 0 0
  667 22.9342 0 0
  668 22.9686 0 0
  669 23.003 0 0
  670 23.0374 0 0
  671 23.0718 0 0
  672 23.1062 0 0
  673 23.1407 0 0
  674 23.1751 0 0
  675 23.2095 0 0
  676 23.2439 0 0
  677 23.2783 0 0
  678 23.3127 0 0
  679 23.3471 0 0
  680 23.3815 0 0
  681 23.4159 0 0
  682 23.4503 0 0
  683 23.4848 0 0
  684 23.5192 0 0
  685 23.5536 0 0
  686 23.588 0 0
  687 23.6224 0 0
  688 23.6568 0 0
  689 23.6912 0 0
  690 23.7256 0 0
  691 23.76 0 0
  692 23.7944 0 0
  693 23.8289 0 0
  694 23.8633 0 0
  695 23.8977 0 0
  696 23.9321 0 0
  697 23.9665 0 0
  698 24.0009 0 0
  699 24.0353 0 0
  700 24.0697 0 0
  701 24.1041 0 0
  702 24.1385 0 0
  703 24.173 0 0
  704 24.2074 0 0
  705 24.2418 0 0
  706 24.2762 0 0
  707 24.3106 0 0
  708 24.345 0 0
  709 24.3794 0 0
  710 24.4138 0 0
  711 24.4482 0 0
  712 24.4826 0 0
  713 24.517 0 0
  714 24.5515 0 0
  715 24.5859 0 0
  716 24.6203 0 0
  717 24.6547 0 0
  718 24.6891 0 0
  719 24.7235 0 0
  720 24.7579 0 0
  721 24.7923 0 0
  722 24.8267 0 0
  723 24.8611 0 0
  724 24.8956 0 0
  725 24.93 0 0
  726 24.9644 0 0
  727 24.9988 0 0
  728 25.0332 0 0
  729 25.0676 0 0
  730 25.102 0 0
  731 25.1364 0 0
  732 25.1708 0 0
  733 25.2052 0 0
  734 25.2397 0 0
  735 25.2741 0 0
  736 25.3085 0 0
  737 25.3429 0 0
  738 25.3773 0 0
  739 25.4117 0 0
  740 25.4461 0 0
  741 25.4805 0 0
  742 25.5149 0 0
  743 25.5493 0 0
  744 25.5838 0 0
  745 25.6182 0 0
  746 25.6526 0 0
  747 25.687 0 0
  748 25.7214 0 0
  749 25.7558 0 0
  750 25.7902 0 0
  751 25.8246 0 0
  752 25.859 0 0
  753 25.8934 0 0
  754 25.9279 0 0
  755 25.9623 0 0
  756 25.9967 0 0
  757 26.0311 0 0
  758 26.0655 0 0
  759 26.0999 0 0
  760 26.1343 0 0
  761 26.1687 0 0
  762 26.2031 0 0
  763 26.2375 0 0
  764 26.272 0 0
  765 26.3064 0 0
  766 26.3408 0 0
  767 26.3752 0 0
  768 26.4096 0 0
  769 26.444 0 0
  770 26.4784 0 0
  771 26.5128 0 0
  772 26.5472 0 0
  773 26.5816 0 0
  774 26.6161 0 0
  775 26.6505 0 0
  776 26.6849 0 0
  777 26.7193 0 0
  778 26.7537 0 0
  779 26.7881 0 0
  780 26.8225 0 0
  781 26.8569 0 0
  782 26.8913 0 0
  783 26.9257 0 0
  784 26.9602 0 0
  785 26.9946 0 0
  786 27.029 0 0
  787 27.0634 0 0
  788 27.0978 0 0
  789 27.1322 0 0
  790 27.1666 0 0
  791 27.201 0 0
  792 27.2354 0 0
  793 27.2698 0 0
  794 27.3043 0 0
  795 27.3387 0 0
  796 27.3731 0 0
  797 27.4075 0 0
  798 27.4419 0 0
  799 27.4763 0 0
  800 27.5107 0 0
  801 27.5451 0 0
  802 27.5795 0 0
  803 27.6139 0 0
  804 27.6484 0 0
  805 27.6828 0 0
  806 27.7172 0 0
  807 27.7516 0 0
  808 27.786 0 0
  809 27.8204 0 0
  810 27.8548 0 0
  811 27.8892 0 0
  812 27.9236 0 0
  813 27.958 0 0
  814 27.9924 0 0
  815 28.0269 0 0
  816 28.0613 0 0
  817 28.0957 0 0
  818 28.1301 0 0
  819 28.1645 0 0
  820 28.1989 0 0
  821 28.2333 0 0
  822 28.2677 0 0
  823 28.3021 0 0
  824 28.3365 0 0
  825 28.371 0 0
  826 28.4054 0 0
  827 28.4398 0 0
  828 28.4742 0 0
  829 28.5086 0 0
  830 28.543 0 0
  831 28.5774 0 0
  832 28.6118 0 0
  833 28.6462 0 0
  834 28.6806 0 0
  835 28.7151 0 0
  836 28.7495 0 0
  837 28.7839 0 0
  838 28.8183 0 0
  839 28.8527 0 0
  840 28.8871 0 0
  841 28.9215 0 0
  842 28.9559 0 0
  843 28.9903 0 0
  844 29.0247 0 0
  845 29.0592 0 0
  846 29.0936 0 0
  847 29.128 0 0
  848 29.1624 0 0
  849 29.1968 0 0
  850 29.2312 0 0
  851 29.2656 0 0
  852 29.3 0 0
  853 29.3344 0 0
  854 29.3688 0 0
  855 29.4033 0 0
  856 29.4377 0 0
  857 29.4721 0 0
  858 29.5065 0 0
  859 29.5409 0 0
  860 29.5753 0 0
  861 29.6097 0 0
  862 29.6441 0 0
  863 29.6785 0 0
  864 29.7129 0 0
  865 29.7474 0 0
  866 29.7818 0 0
  867 29.8162 0 0
  868 29.8506 0 0
  869 29.885 0 0
  870 29.9194 0 0
  871 29.9538 0 0
  872 29.9882 0 0
  873 30.0226 0 0
  874 30.057 0 0
  875 30.0915 0 0
  876 30.1259 0 0
  877 30.1603 0 0
  878 30.1947 0 0
  879 30.2291 0 0
  880 30.2635 0 0
  881 30.2979 0 0
  882 30.3323 0 0
  883 30.3667 0 0
  884 30.4011 0 0
  885 30.4356 0 0
  886 30.47 0 0
  887 30.5044 0 0
  888 30.5388 0 0
  889 30.5732 0 0
  890 30.6076 0 0
  891 30.642 0 0
  892 30.6764 0 0
  893 30.7108 0 0
  894 30.7452 0 0
  895 30.7797 0 0
  896 30.8141 0 0
  897 30.8485 0 0
  898 30.8829 0 0
  899 30.9173 0 0
  900 30.9517 0 0
  901 30.9861 0 0
  902 31.0205 0 0
  903 31.0549 0 0
  904 31.0893 0 0
  905 31.1237 0 0
  906 31.1582 0 0
  907 31.1926 0 0
  908 31.227 0 0
  909 31.2614 0 0
  910 31.2958 0 0
  911 31.3302 0 0
  912 31.3646 0 0
  913 31.399 0 0
  914 31.4334 0 0
  915 31.4678 0 0
  916 31.5023 0 0
  917 31.5367 0 0
  918 31.5711 0 0
  919 31.6055 0 0
  920 31.6399 0 0
  921 31.6743 0 0
  922 31.7087 0 0
  923 31.7431 0 0
  924 31.7775 0 0
  925 31.8119 0 0
  926 31.8464 0 0
  927 31.8808 0 0
  928 31.9152 0 0
  929 31.9496 0 0
  930 31.984 0 0
  931 32.0184 0 0
  932 32.0528 0 0
  933 32.0872 0 0
  934 32.1216 0 0
  935 32.156 0 0
  936 32.1905 0 0
  937 32.2249 0 0
  938 32.2593 0 0
  939 32.2937 0 0
  940 32.3281 0 0
  941 32.3625 0 0
  942 32.3969 0 0
  943 32.4313 0 0
  944 32.4657 0 0
  945 32.5001 0 0
  946 32.5346 0 0
  947 32.569 0 0
  948 32.6034 0 0
  949 32.6378 0 0
  950 32.6722 0 0
  951 32.7066 0 0
  952 32.741 0 0
  953 32.7754 0 0
  954 32.8098 0 0
  955 32.8442 0 0
  956 32.8787 0 0
  957 32.9131 0 0
  958 32.9475 0 0
  959 32.9819 0 0
  960 33.0163 0 0
  961 33.0507 0 0
  962 33.0851 0 0
  963 33.1195 0 0
  964 33.1539 0 0
  965 33.1883 0 0
  966 33.2228 0 0
  967 33.2572 0 0
  968 33.2916 0 0
  969 33.326 0 0
  970 33.3604 0 0
  971 33.3948 0 0
  972 33.4292 0 0
  973 33.4636 0 0
  974 33.498 0 0
  975 33.5324 0 0
  976 33.5669 0 0
  977 33.6013 0 0
  978 33.6357 0 0
  979 33.6701 0 0
  980 33.7045 0 0
  981 33.7389 0 0
  982 33.7733 0 0
  983 33.8077 0 0
  984 33.8421 0 0
  985 33.8765 0 0
  986 33.911 0 0
  987 33.9454 0 0
  988 33.9798 0 0
  989 34.0142 0 0
  990 34.0486 0 0
  991 34.083 0 0
  992 34.1174 0 0
  993 34.1518 0 0
  994 34.1862 0 0
  995 34.2206 0 0
  996 34.255 0 0
  997 34.2895 0 0
  998 34.3239 0 0
  999 34.3583 0 0
  1000 34.3927 0 0
