# Chunk-averaged data for fix temp_prof and group file
# Timestep Number-of-chunks Total-count
# Chunk Coord1 Ncount temp
16000 1000 9376
  1 0.0172049 722 0.000208333
  2 0.0516148 0 0
  3 0.0860247 0 0
  4 0.120435 0 0
  5 0.154845 0 0
  6 0.189254 0 0
  7 0.223664 0 0
  8 0.258074 0 0
  9 0.292484 0 0
  10 0.326894 0 0
  11 0.361304 0 0
  12 0.395714 0 0
  13 0.430124 0 0
  14 0.464534 0 0
  15 0.498943 0 0
  16 0.533353 0 0
  17 0.567763 0 0
  18 0.602173 0 0
  19 0.636583 0 0
  20 0.670993 0 0
  21 0.705403 0.025 0.0312329
  22 0.739813 3.95 0.963674
  23 0.774223 285.025 1.03951
  24 0.808633 382.825 1.04175
  25 0.843042 48.625 1.07117
  26 0.877452 1.55 1.13904
  27 0.911862 0 0
  28 0.946272 0 0
  29 0.980682 0 0
  30 1.01509 0 0
  31 1.0495 0 0
  32 1.08391 0 0
  33 1.11832 0 0
  34 1.15273 0 0
  35 1.18714 0 0
  36 1.22155 0 0
  37 1.25596 0 0
  38 1.29037 0 0
  39 1.32478 0 0
  40 1.35919 0 0
  41 1.3936 0 0
  42 1.42801 0 0
  43 1.46242 0 0
  44 1.49683 0.075 1.84163
  45 1.53124 9.775 1.04436
  46 1.56565 230.375 1.05174
  47 1.60006 370.5 1.05763
  48 1.63447 100.225 1.06251
  49 1.66888 10.575 1.13201
  50 1.70329 0.475 0.936692
  51 1.7377 0 0
  52 1.77211 0 0
  53 1.80652 0 0
  54 1.84093 0 0
  55 1.87534 0 0
  56 1.90975 0 0
  57 1.94416 0 0
  58 1.97857 0 0
  59 2.01298 0 0
  60 2.04739 0 0
  61 2.0818 0 0
  62 2.11621 0 0
  63 2.15062 0 0
  64 2.18503 0 0
  65 2.21944 0 0
  66 2.25385 0.05 0.581103
  67 2.28826 0.95 1.39045
  68 2.32267 26.325 1.11324
  69 2.35708 190.8 1.08975
  70 2.39149 318.35 1.07002
  71 2.4259 149.25 1.05917
  72 2.46031 32.65 1.09245
  73 2.49472 4.125 1.21136
  74 2.52913 0.5 1.58827
  75 2.56354 0.55 1.24376
  76 2.59795 0.9 1.88076
  77 2.63236 1.5 1.58466
  78 2.66677 1.9 1.73861
  79 2.70118 2.75 1.54559
  80 2.73559 4.325 1.40792
  81 2.77 4.6 1.51721
  82 2.80441 5.5 1.34548
  83 2.83882 5.625 1.50195
  84 2.87323 6.55 1.4811
  85 2.90764 5.925 1.567
  86 2.94205 5.65 1.44942
  87 2.97646 4.75 1.55273
  88 3.01087 3.3 1.68354
  89 3.04528 2.6 1.82864
  90 3.07969 2.45 1.66286
  91 3.1141 3.4 1.85233
  92 3.14851 4.2 2.10702
  93 3.18292 6 2.06965
  94 3.21733 8.675 2.07777
  95 3.25174 12.775 1.97408
  96 3.28614 14.425 2.08896
  97 3.32055 16.5 1.92875
  98 3.35496 18.6 1.93876
  99 3.38937 19.575 1.92297
  100 3.42378 18.85 1.86421
  101 3.45819 17.85 1.90251
  102 3.4926 16.55 1.84486
  103 3.52701 14.65 1.94684
  104 3.56142 13.65 1.72773
  105 3.59583 13.95 1.88991
  106 3.63024 12.575 1.93928
  107 3.66465 13.625 1.76147
  108 3.69906 13.025 1.70011
  109 3.73347 14.225 1.70886
  110 3.76788 13.3 1.78253
  111 3.80229 14.6 1.68962
  112 3.8367 13.55 1.75369
  113 3.87111 13.4 1.68909
  114 3.90552 13.925 1.66758
  115 3.93993 13.4 1.83085
  116 3.97434 12.725 1.80107
  117 4.00875 13.3 1.71766
  118 4.04316 12.75 1.85308
  119 4.07757 13.65 1.83714
  120 4.11198 13.575 1.72726
  121 4.14639 12.8 1.83817
  122 4.1808 14 1.74914
  123 4.21521 13.675 1.82528
  124 4.24962 14.65 1.72022
  125 4.28403 14.65 1.89778
  126 4.31844 14.675 1.7578
  127 4.35285 16.15 1.84971
  128 4.38726 16.5 1.94749
  129 4.42167 14.275 1.89266
  130 4.45608 16.625 1.90878
  131 4.49049 15.8 1.86297
  132 4.5249 16.45 1.94035
  133 4.55931 14.8 1.90678
  134 4.59372 13.625 1.76925
  135 4.62813 14.9 1.90012
  136 4.66254 14.1 1.68629
  137 4.69695 13.475 1.87424
  138 4.73136 14.025 1.88897
  139 4.76577 13.425 1.75384
  140 4.80018 13.2 1.83092
  141 4.83459 14.75 1.82865
  142 4.869 13.775 1.76365
  143 4.90341 15.075 1.90781
  144 4.93782 13.475 1.7706
  145 4.97223 13.875 1.8392
  146 5.00664 13.725 1.88169
  147 5.04105 13.275 1.80122
  148 5.07546 13.175 1.83974
  149 5.10987 13.8 1.94869
  150 5.14428 14.375 1.91566
  151 5.17869 14.575 1.83004
  152 5.2131 14.85 2.07646
  153 5.24751 14.5 1.89341
  154 5.28192 13.3 1.89275
  155 5.31633 14.9 1.92058
  156 5.35074 16.325 1.70579
  157 5.38515 15.15 2.07525
  158 5.41956 16.2 2.09194
  159 5.45397 16.875 1.93273
  160 5.48838 16.175 1.87878
  161 5.52279 16.875 2.03163
  162 5.5572 15.575 1.97306
  163 5.59161 14.575 1.9486
  164 5.62602 14.3 1.8794
  165 5.66043 13.675 1.8879
  166 5.69484 12.75 1.91667
  167 5.72925 14.325 1.94628
  168 5.76366 13.3 1.91573
  169 5.79807 12.9 1.90093
  170 5.83248 14.825 1.99046
  171 5.86689 12.625 1.93732
  172 5.9013 13.5 1.83568
  173 5.93571 14.55 1.88533
  174 5.97012 13.375 1.90663
  175 6.00453 13.575 1.89953
  176 6.03894 14.75 2.01857
  177 6.07335 13.425 1.93043
  178 6.10776 13.2 1.94397
  179 6.14217 12.95 1.82242
  180 6.17658 12.55 1.86919
  181 6.21099 11.65 1.82764
  182 6.2454 11.025 1.88579
  183 6.27981 11.575 1.95496
  184 6.31422 12.425 1.72104
  185 6.34863 11.75 1.77254
  186 6.38304 13.75 1.78275
  187 6.41745 18.75 1.59547
  188 6.45186 25.575 1.53633
  189 6.48627 20.525 1.49847
  190 6.52067 13.95 1.84147
  191 6.55508 12.55 1.99013
  192 6.58949 11.675 1.8789
  193 6.6239 11.35 1.82798
  194 6.65831 12.3 1.88344
  195 6.69272 12.625 1.90557
  196 6.72713 11.15 2.00566
  197 6.76154 12.4 1.87381
  198 6.79595 11.175 1.87362
  199 6.83036 12.25 1.82441
  200 6.86477 11.775 1.90277
  201 6.89918 11.35 1.95577
  202 6.93359 11.9 1.99543
  203 6.968 13.4 1.91839
  204 7.00241 16.675 1.89346
  205 7.03682 17.95 1.90239
  206 7.07123 16.1 1.98389
  207 7.10564 17.5 2.05366
  208 7.14005 19.45 2.00552
  209 7.17446 13.675 1.89664
  210 7.20887 17.225 1.79001
  211 7.24328 28.275 1.50608
  212 7.27769 22 1.57047
  213 7.3121 11.425 1.71617
  214 7.34651 10.6 1.84591
  215 7.38092 10.425 1.84375
  216 7.41533 10.9 1.87753
  217 7.44974 11.25 1.87867
  218 7.48415 11.375 1.97247
  219 7.51856 10.725 1.88331
  220 7.55297 9.9 1.84134
  221 7.58738 9.875 2.02538
  222 7.62179 10.125 1.69553
  223 7.6562 11.55 1.88707
  224 7.69061 11 1.80824
  225 7.72502 11.3 2.07728
  226 7.75943 15.375 1.83172
  227 7.79384 23.1 1.8661
  228 7.82825 26.525 1.84714
  229 7.86266 13.675 1.91763
  230 7.89707 15.95 1.8844
  231 7.93148 19.85 1.96963
  232 7.96589 13.275 1.95872
  233 8.0003 14.4 1.67542
  234 8.03471 30.45 1.52491
  235 8.06912 25.825 1.63393
  236 8.10353 19.925 2.07894
  237 8.13794 16.375 2.16306
  238 8.17235 12.225 1.75285
  239 8.20676 9.95 1.89536
  240 8.24117 9.725 2.02726
  241 8.27558 9.75 1.90558
  242 8.30999 9.4 1.90322
  243 8.3444 9.55 1.90279
  244 8.37881 9.375 2.05131
  245 8.41322 9.425 1.88672
  246 8.44763 9.925 1.85681
  247 8.48204 9.35 1.87882
  248 8.51645 9.375 1.89581
  249 8.55086 11.675 2.04366
  250 8.58527 22.425 1.82133
  251 8.61968 34.525 1.89067
  252 8.65409 19 2.01895
  253 8.6885 16.325 2.09653
  254 8.72291 21.825 2.0828
  255 8.75732 9.65 1.92185
  256 8.79173 9.125 1.92615
  257 8.82614 27.25 0.786861
  258 8.86055 29.225 0.844376
  259 8.89496 18.775 2.09219
  260 8.92937 16.6 2.17249
  261 8.96378 9.225 1.98901
  262 8.99819 9.15 1.97612
  263 9.0326 9.15 2.00587
  264 9.06701 9.35 1.98232
  265 9.10142 11.075 2.08141
  266 9.13583 15.125 2.2623
  267 9.17024 17.975 2.26954
  268 9.20465 12.025 2.1063
  269 9.23906 9.45 1.97079
  270 9.27347 8.925 1.9322
  271 9.30788 8.725 2.02283
  272 9.34229 9.825 2.12867
  273 9.3767 15 1.97367
  274 9.41111 43.725 1.47502
  275 9.44552 23.475 2.05078
  276 9.47993 18.825 1.96108
  277 9.51434 29.9 1.47372
  278 9.54875 8.475 1.90812
  279 9.58316 8.325 1.93534
  280 9.61757 7.65 1.91418
  281 9.65198 8.825 1.87739
  282 9.68639 16.35 2.16931
  283 9.7208 17.975 2.29315
  284 9.75521 8.7 1.87901
  285 9.78961 7.925 2.06729
  286 9.82402 8.525 1.96857
  287 9.85843 8.325 1.90518
  288 9.89284 8.4 2.02515
  289 9.92725 12.625 2.197
  290 9.96166 19.15 2.3883
  291 9.99607 10.375 1.99093
  292 10.0305 8.5 2.06342
  293 10.0649 8.85 2.01997
  294 10.0993 7.575 1.83965
  295 10.1337 7.875 2.02196
  296 10.1681 9.5 2.08556
  297 10.2025 34.75 1.49116
  298 10.2369 35.7 2.06241
  299 10.2714 33.5 2.02833
  300 10.3058 17.7 1.96404
  301 10.3402 8.925 2.02578
  302 10.3746 7.675 1.91635
  303 10.409 7.65 1.94265
  304 10.4434 7.575 2.09887
  305 10.4778 7.85 2.04367
  306 10.5122 26.025 1.56447
  307 10.5466 7.475 1.96612
  308 10.581 7.7 1.95844
  309 10.6155 7.725 1.78081
  310 10.6499 8.325 1.9161
  311 10.6843 8.45 1.9092
  312 10.7187 11 2.12743
  313 10.7531 20 2.30101
  314 10.7875 10.3 2.0007
  315 10.8219 8.025 1.92369
  316 10.8563 7.35 1.75164
  317 10.8907 7.1 1.91861
  318 10.9251 8.6 1.86463
  319 10.9596 8.975 2.06701
  320 10.994 15.025 1.95062
  321 11.0284 47.025 1.71553
  322 11.0628 38.55 1.95558
  323 11.0972 19.05 1.89298
  324 11.1316 8.325 1.84251
  325 11.166 8.275 1.85982
  326 11.2004 8.65 1.98225
  327 11.2348 8.725 1.90253
  328 11.2692 9.25 1.96057
  329 11.3037 15.525 2.24348
  330 11.3381 15.225 2.22858
  331 11.3725 9.425 1.9668
  332 11.4069 7.85 1.84147
  333 11.4413 8.9 1.83315
  334 11.4757 7.925 1.87754
  335 11.5101 8.2 1.84442
  336 11.5445 25.675 1.6294
  337 11.5789 8.325 1.77804
  338 11.6133 7.025 1.86453
  339 11.6477 7.625 1.90127
  340 11.6822 9.85 1.94839
  341 11.7166 14.15 1.70008
  342 11.751 14.275 1.78473
  343 11.7854 14.125 1.91769
  344 11.8198 30.2 2.04476
  345 11.8542 46.05 1.5576
  346 11.8886 16.5 1.93124
  347 11.923 8.275 1.80614
  348 11.9574 8.6 1.84577
  349 11.9918 8.425 1.7769
  350 12.0263 7.75 1.60796
  351 12.0607 9.125 1.83884
  352 12.0951 14.65 2.16377
  353 12.1295 18.775 2.21207
  354 12.1639 9.15 1.96695
  355 12.1983 7.9 1.89822
  356 12.2327 7.025 1.96861
  357 12.2671 6.825 1.70919
  358 12.3015 8.325 1.63584
  359 12.3359 11.05 1.89776
  360 12.3704 18.675 1.98562
  361 12.4048 24.725 2.00965
  362 12.4392 14.2 1.94516
  363 12.4736 8.65 1.80381
  364 12.508 14.175 1.79152
  365 12.5424 17.75 1.7816
  366 12.5768 10.825 1.76933
  367 12.6112 35.175 1.63201
  368 12.6456 16.05 1.67393
  369 12.68 25.35 1.0286
  370 12.7145 7.025 1.86435
  371 12.7489 7.125 1.84466
  372 12.7833 7.975 1.83727
  373 12.8177 7.575 1.80781
  374 12.8521 8.5 1.79026
  375 12.8865 11.85 2.138
  376 12.9209 20.55 2.20463
  377 12.9553 13.05 1.71988
  378 12.9897 15.425 1.69641
  379 13.0241 12.375 1.68007
  380 13.0586 7.65 1.7374
  381 13.093 8.35 1.75864
  382 13.1274 10.025 1.75216
  383 13.1618 16.675 1.83928
  384 13.1962 27.625 1.91497
  385 13.2306 13.025 1.94477
  386 13.265 8.45 1.78536
  387 13.2994 11.575 1.78127
  388 13.3338 19.625 1.64139
  389 13.3682 9.35 1.8252
  390 13.4027 8.5 1.86846
  391 13.4371 30.4 1.25486
  392 13.4715 18.725 2.09335
  393 13.5059 16.45 1.71484
  394 13.5403 15.875 1.57739
  395 13.5747 11.125 1.60688
  396 13.6091 7.95 1.77438
  397 13.6435 7.7 1.76898
  398 13.6779 7.625 1.59654
  399 13.7123 26.4 1.5715
  400 13.7468 10.575 1.68766
  401 13.7812 17.075 1.57449
  402 13.8156 11.925 1.48051
  403 13.85 7.275 1.67154
  404 13.8844 6.2 1.72144
  405 13.9188 7.5 1.62551
  406 13.9532 13.55 1.77479
  407 13.9876 33 1.92296
  408 14.022 19.9 1.79151
  409 14.0564 14.325 1.61301
  410 14.0909 8.875 1.67423
  411 14.1253 24.85 0.869833
  412 14.1597 6.925 1.6492
  413 14.1941 6.6 1.73906
  414 14.2285 9.05 1.93362
  415 14.2629 18.225 2.14196
  416 14.2973 14.95 1.83094
  417 14.3317 16.85 1.50348
  418 14.3661 9.65 1.41715
  419 14.4005 6.625 1.60905
  420 14.435 9.05 1.57377
  421 14.4694 15.325 1.70283
  422 14.5038 22.4 1.75114
  423 14.5382 16 1.85195
  424 14.5726 18.175 1.52143
  425 14.607 11.825 1.60722
  426 14.6414 6.7 1.62533
  427 14.6758 6.15 1.50784
  428 14.7102 7.675 1.43066
  429 14.7446 10.7 1.50013
  430 14.779 51.775 1.16292
  431 14.8135 16.65 1.4096
  432 14.8479 15.85 1.45991
  433 14.8823 12.35 1.38839
  434 14.9167 13.3 1.41489
  435 14.9511 6.875 1.43495
  436 14.9855 5.85 1.81866
  437 15.0199 6.975 1.88238
  438 15.0543 17.9 2.04566
  439 15.0887 16.275 1.7467
  440 15.1231 25.2 1.35899
  441 15.1576 11.05 1.3733
  442 15.192 4.975 1.59112
  443 15.2264 10.325 1.39322
  444 15.2608 18.025 1.39819
  445 15.2952 25.125 1.75634
  446 15.3296 12.45 2.03354
  447 15.364 23.2 0.628628
  448 15.3984 7.8 1.2383
  449 15.4328 9.825 1.19584
  450 15.4672 3.4 1.49468
  451 15.5017 4.2 1.27413
  452 15.5361 11.025 1.23458
  453 15.5705 19.55 1.15598
  454 15.6049 12.4 1.27612
  455 15.6393 16.925 1.2066
  456 15.6737 15.475 1.1978
  457 15.7081 14.9 1.21595
  458 15.7425 4.775 1.24712
  459 15.7769 5.7 1.20565
  460 15.8113 10.225 1.10908
  461 15.8458 25.375 1.40943
  462 15.8802 13.4 1.13736
  463 15.9146 34.975 0.751075
  464 15.949 5.525 1.16939
  465 15.9834 6.75 1.15026
  466 16.0178 16.125 1.14084
  467 16.0522 25.075 1.20159
  468 16.0866 29.625 1.48666
  469 16.121 16.15 1.95287
  470 16.1554 12.375 1.13631
  471 16.1899 20.925 1.10712
  472 16.2243 18.825 1.07647
  473 16.2587 13.675 1.07662
  474 16.2931 20.925 1.03104
  475 16.3275 30.775 1.08783
  476 16.3619 44.6 1.07493
  477 16.3963 14.525 1.01246
  478 16.4307 21.6 0.418305
  479 16.4651 14.25 1.13877
  480 16.4995 17.175 1.13073
  481 16.534 2.175 1.27119
  482 16.5684 3.85 1.11923
  483 16.6028 10.625 1.06862
  484 16.6372 5.125 1.03311
  485 16.6716 10.875 1.17015
  486 16.706 19.25 1.09146
  487 16.7404 4.475 1.20646
  488 16.7748 4.25 1.09137
  489 16.8092 14.525 1.09921
  490 16.8436 23.625 1.12772
  491 16.8781 28.875 0.54976
  492 16.9125 20.1 1.34529
  493 16.9469 9.9 1.02978
  494 16.9813 22.35 1.05167
  495 17.0157 20.25 1.14611
  496 17.0501 10.6 0.98882
  497 17.0845 21.425 1.07602
  498 17.1189 24.9 1.07149
  499 17.1533 58.65 0.798763
  500 17.1877 10.475 1.0642
  501 17.2222 1.75 1.1184
  502 17.2566 10.675 1.09042
  503 17.291 24 0.456536
  504 17.3254 0.1 1.37654
  505 17.3598 2.375 1.2166
  506 17.3942 12.025 1.12045
  507 17.4286 4.3 1.2752
  508 17.463 7.2 1.1484
  509 17.4974 27.825 0.483122
  510 17.5318 0.4 1.33986
  511 17.5663 2.025 1.01475
  512 17.6007 13.1 1.0908
  513 17.6351 29.4 0.51469
  514 17.6695 9.275 1.10564
  515 17.7039 0.9 1.03355
  516 17.7383 6.975 1.06128
  517 17.7727 20.275 1.08401
  518 17.8071 26.35 0.40465
  519 17.8415 6.55 0.998714
  520 17.8759 21.975 1.07978
  521 17.9103 18.075 1.02767
  522 17.9448 49.85 0.733587
  523 17.9792 11.625 1.07387
  524 18.0136 0.15 0.803284
  525 18.048 18.05 0.0833316
  526 18.0824 0 0
  527 18.1168 0 0
  528 18.1512 0 0
  529 18.1856 18.05 0.0647629
  530 18.22 0 0
  531 18.2544 0 0
  532 18.2889 18.05 0.0444887
  533 18.3233 0 0
  534 18.3577 0 0
  535 18.3921 18.05 0.0490619
  536 18.4265 0 0
  537 18.4609 18.05 0.036
  538 18.4953 0 0
  539 18.5297 0 0
  540 18.5641 18.05 0.0189765
  541 18.5985 18.05 0.0132037
  542 18.633 0 0
  543 18.6674 36.1 0.0116591
  544 18.7018 0 0
  545 18.7362 36.1 0.00183393
  546 18.7706 18.05 0.000225272
  547 18.805 0 0
  548 18.8394 0 0
  549 18.8738 0 0
  550 18.9082 0 0
  551 18.9426 0 0
  552 18.9771 0 0
  553 19.0115 0 0
  554 19.0459 0 0
  555 19.0803 0 0
  556 19.1147 0 0
  557 19.1491 0 0
  558 19.1835 0 0
  559 19.2179 0 0
  560 19.2523 0 0
  561 19.2867 0 0
  562 19.3212 0 0
  563 19.3556 0 0
  564 19.39 0 0
  565 19.4244 0 0
  566 19.4588 0 0
  567 19.4932 0 0
  568 19.5276 0 0
  569 19.562 0 0
  570 19.5964 0 0
  571 19.6308 0 0
  572 19.6653 0 0
  573 19.6997 0 0
  574 19.7341 0 0
  575 19.7685 0 0
  576 19.8029 0 0
  577 19.8373 0 0
  578 19.8717 0 0
  579 19.9061 0 0
  580 19.9405 0 0
  581 19.9749 0 0
  582 20.0094 0 0
  583 20.0438 0 0
  584 20.0782 0 0
  585 20.1126 0 0
  586 20.147 0 0
  587 20.1814 0 0
  588 20.2158 0 0
  589 20.2502 0 0
  590 20.2846 0 0
  591 20.319 0 0
  592 20.3535 0 0
  593 20.3879 0 0
  594 20.4223 0 0
  595 20.4567 0 0
  596 20.4911 0 0
  597 20.5255 0 0
  598 20.5599 0 0
  599 20.5943 0 0
  600 20.6287 0 0
  601 20.6631 0 0
  602 20.6976 0 0
  603 20.732 0 0
  604 20.7664 0 0
  605 20.8008 0 0
  606 20.8352 0 0
  607 20.8696 0 0
  608 20.904 0 0
  609 20.9384 0 0
  610 20.9728 0 0
  611 21.0072 0 0
  612 21.0417 0 0
  613 21.0761 0 0
  614 21.1105 0 0
  615 21.1449 0 0
  616 21.1793 0 0
  617 21.2137 0 0
  618 21.2481 0 0
  619 21.2825 0 0
  620 21.3169 0 0
  621 21.3513 0 0
  622 21.3857 0 0
  623 21.4202 0 0
  624 21.4546 0 0
  625 21.489 0 0
  626 21.5234 0 0
  627 21.5578 0 0
  628 21.5922 0 0
  629 21.6266 0 0
  630 21.661 0 0
  631 21.6954 0 0
  632 21.7298 0 0
  633 21.7643 0 0
  634 21.7987 0 0
  635 21.8331 0 0
  636 21.8675 0 0
  637 21.9019 0 0
  638 21.9363 0 0
  639 21.9707 0 0
  640 22.0051 0 0
  641 22.0395 0 0
  642 22.0739 0 0
  643 22.1084 0 0
  644 22.1428 0 0
  645 22.1772 0 0
  646 22.2116 0 0
  647 22.246 0 0
  648 22.2804 0 0
  649 22.3148 0 0
  650 22.3492 0 0
  651 22.3836 0 0
  652 22.418 0 0
  653 22.4525 0 0
  654 22.4869 0 0
  655 22.5213 0 0
  656 22.5557 0 0
  657 22.5901 0 0
  658 22.6245 0 0
  659 22.6589 0 0
  660 22.6933 0 0
  661 22.7277 0 0
  662 22.7621 0 0
  663 22.7966 0 0
  664 22.831 0 0
  665 22.8654 0 0
  666 22.8998 0 0
  667 22.9342 0 0
  668 22.9686 0 0
  669 23.003 0 0
  670 23.0374 0 0
  671 23.0718 0 0
  672 23.1062 0 0
  673 23.1407 0 0
  674 23.1751 0 0
  675 23.2095 0 0
  676 23.2439 0 0
  677 23.2783 0 0
  678 23.3127 0 0
  679 23.3471 0 0
  680 23.3815 0 0
  681 23.4159 0 0
  682 23.4503 0 0
  683 23.4848 0 0
  684 23.5192 0 0
  685 23.5536 0 0
  686 23.588 0 0
  687 23.6224 0 0
  688 23.6568 0 0
  689 23.6912 0 0
  690 23.7256 0 0
  691 23.76 0 0
  692 23.7944 0 0
  693 23.8289 0 0
  694 23.8633 0 0
  695 23.8977 0 0
  696 23.9321 0 0
  697 23.9665 0 0
  698 24.0009 0 0
  699 24.0353 0 0
  700 24.0697 0 0
  701 24.1041 0 0
  702 24.1385 0 0
  703 24.173 0 0
  704 24.2074 0 0
  705 24.2418 0 0
  706 24.2762 0 0
  707 24.3106 0 0
  708 24.345 0 0
  709 24.3794 0 0
  710 24.4138 0 0
  711 24.4482 0 0
  712 24.4826 0 0
  713 24.517 0 0
  714 24.5515 0 0
  715 24.5859 0 0
  716 24.6203 0 0
  717 24.6547 0 0
  718 24.6891 0 0
  719 24.7235 0 0
  720 24.7579 0 0
  721 24.7923 0 0
  722 24.8267 0 0
  723 24.8611 0 0
  724 24.8956 0 0
  725 24.93 0 0
  726 24.9644 0 0
  727 24.9988 0 0
  728 25.0332 0 0
  729 25.0676 0 0
  730 25.102 0 0
  731 25.1364 0 0
  732 25.1708 0 0
  733 25.2052 0 0
  734 25.2397 0 0
  735 25.2741 0 0
  736 25.3085 0 0
  737 25.3429 0 0
  738 25.3773 0 0
  739 25.4117 0 0
  740 25.4461 0 0
  741 25.4805 0 0
  742 25.5149 0 0
  743 25.5493 0 0
  744 25.5838 0 0
  745 25.6182 0 0
  746 25.6526 0 0
  747 25.687 0 0
  748 25.7214 0 0
  749 25.7558 0 0
  750 25.7902 0 0
  751 25.8246 0 0
  752 25.859 0 0
  753 25.8934 0 0
  754 25.9279 0 0
  755 25.9623 0 0
  756 25.9967 0 0
  757 26.0311 0 0
  758 26.0655 0 0
  759 26.0999 0 0
  760 26.1343 0 0
  761 26.1687 0 0
  762 26.2031 0 0
  763 26.2375 0 0
  764 26.272 0 0
  765 26.3064 0 0
  766 26.3408 0 0
  767 26.3752 0 0
  768 26.4096 0 0
  769 26.444 0 0
  770 26.4784 0 0
  771 26.5128 0 0
  772 26.5472 0 0
  773 26.5816 0 0
  774 26.6161 0 0
  775 26.6505 0 0
  776 26.6849 0 0
  777 26.7193 0 0
  778 26.7537 0 0
  779 26.7881 0 0
  780 26.8225 0 0
  781 26.8569 0 0
  782 26.8913 0 0
  783 26.9257 0 0
  784 26.9602 0 0
  785 26.9946 0 0
  786 27.029 0 0
  787 27.0634 0 0
  788 27.0978 0 0
  789 27.1322 0 0
  790 27.1666 0 0
  791 27.201 0 0
  792 27.2354 0 0
  793 27.2698 0 0
  794 27.3043 0 0
  795 27.3387 0 0
  796 27.3731 0 0
  797 27.4075 0 0
  798 27.4419 0 0
  799 27.4763 0 0
  800 27.5107 0 0
  801 27.5451 0 0
  802 27.5795 0 0
  803 27.6139 0 0
  804 27.6484 0 0
  805 27.6828 0 0
  806 27.7172 0 0
  807 27.7516 0 0
  808 27.786 0 0
  809 27.8204 0 0
  810 27.8548 0 0
  811 27.8892 0 0
  812 27.9236 0 0
  813 27.958 0 0
  814 27.9924 0 0
  815 28.0269 0 0
  816 28.0613 0 0
  817 28.0957 0 0
  818 28.1301 0 0
  819 28.1645 0 0
  820 28.1989 0 0
  821 28.2333 0 0
  822 28.2677 0 0
  823 28.3021 0 0
  824 28.3365 0 0
  825 28.371 0 0
  826 28.4054 0 0
  827 28.4398 0 0
  828 28.4742 0 0
  829 28.5086 0 0
  830 28.543 0 0
  831 28.5774 0 0
  832 28.6118 0 0
  833 28.6462 0 0
  834 28.6806 0 0
  835 28.7151 0 0
  836 28.7495 0 0
  837 28.7839 0 0
  838 28.8183 0 0
  839 28.8527 0 0
  840 28.8871 0 0
  841 28.9215 0 0
  842 28.9559 0 0
  843 28.9903 0 0
  844 29.0247 0 0
  845 29.0592 0 0
  846 29.0936 0 0
  847 29.128 0 0
  848 29.1624 0 0
  849 29.1968 0 0
  850 29.2312 0 0
  851 29.2656 0 0
  852 29.3 0 0
  853 29.3344 0 0
  854 29.3688 0 0
  855 29.4033 0 0
  856 29.4377 0 0
  857 29.4721 0 0
  858 29.5065 0 0
  859 29.5409 0 0
  860 29.5753 0 0
  861 29.6097 0 0
  862 29.6441 0 0
  863 29.6785 0 0
  864 29.7129 0 0
  865 29.7474 0 0
  866 29.7818 0 0
  867 29.8162 0 0
  868 29.8506 0 0
  869 29.885 0 0
  870 29.9194 0 0
  871 29.9538 0 0
  872 29.9882 0 0
  873 30.0226 0 0
  874 30.057 0 0
  875 30.0915 0 0
  876 30.1259 0 0
  877 30.1603 0 0
  878 30.1947 0 0
  879 30.2291 0 0
  880 30.2635 0 0
  881 30.2979 0 0
  882 30.3323 0 0
  883 30.3667 0 0
  884 30.4011 0 0
  885 30.4356 0 0
  886 30.47 0 0
  887 30.5044 0 0
  888 30.5388 0 0
  889 30.5732 0 0
  890 30.6076 0 0
  891 30.642 0 0
  892 30.6764 0 0
  893 30.7108 0 0
  894 30.7452 0 0
  895 30.7797 0 0
  896 30.8141 0 0
  897 30.8485 0 0
  898 30.8829 0 0
  899 30.9173 0 0
  900 30.9517 0 0
  901 30.9861 0 0
  902 31.0205 0 0
  903 31.0549 0 0
  904 31.0893 0 0
  905 31.1237 0 0
  906 31.1582 0 0
  907 31.1926 0 0
  908 31.227 0 0
  909 31.2614 0 0
  910 31.2958 0 0
  911 31.3302 0 0
  912 31.3646 0 0
  913 31.399 0 0
  914 31.4334 0 0
  915 31.4678 0 0
  916 31.5023 0 0
  917 31.5367 0 0
  918 31.5711 0 0
  919 31.6055 0 0
  920 31.6399 0 0
  921 31.6743 0 0
  922 31.7087 0 0
  923 31.7431 0 0
  924 31.7775 0 0
  925 31.8119 0 0
  926 31.8464 0 0
  927 31.8808 0 0
  928 31.9152 0 0
  929 31.9496 0 0
  930 31.984 0 0
  931 32.0184 0 0
  932 32.0528 0 0
  933 32.0872 0 0
  934 32.1216 0 0
  935 32.156 0 0
  936 32.1905 0 0
  937 32.2249 0 0
  938 32.2593 0 0
  939 32.2937 0 0
  940 32.3281 0 0
  941 32.3625 0 0
  942 32.3969 0 0
  943 32.4313 0 0
  944 32.4657 0 0
  945 32.5001 0 0
  946 32.5346 0 0
  947 32.569 0 0
  948 32.6034 0 0
  949 32.6378 0 0
  950 32.6722 0 0
  951 32.7066 0 0
  952 32.741 0 0
  953 32.7754 0 0
  954 32.8098 0 0
  955 32.8442 0 0
  956 32.8787 0 0
  957 32.9131 0 0
  958 32.9475 0 0
  959 32.9819 0 0
  960 33.0163 0 0
  961 33.0507 0 0
  962 33.0851 0 0
  963 33.1195 0 0
  964 33.1539 0 0
  965 33.1883 0 0
  966 33.2228 0 0
  967 33.2572 0 0
  968 33.2916 0 0
  969 33.326 0 0
  970 33.3604 0 0
  971 33.3948 0 0
  972 33.4292 0 0
  973 33.4636 0 0
  974 33.498 0 0
  975 33.5324 0 0
  976 33.5669 0 0
  977 33.6013 0 0
  978 33.6357 0 0
  979 33.6701 0 0
  980 33.7045 0 0
  981 33.7389 0 0
  982 33.7733 0 0
  983 33.8077 0 0
  984 33.8421 0 0
  985 33.8765 0 0
  986 33.911 0 0
  987 33.9454 0 0
  988 33.9798 0 0
  989 34.0142 0 0
  990 34.0486 0 0
  991 34.083 0 0
  992 34.1174 0 0
  993 34.1518 0 0
  994 34.1862 0 0
  995 34.2206 0 0
  996 34.255 0 0
  997 34.2895 0 0
  998 34.3239 0 0
  999 34.3583 0 0
  1000 34.3927 0 0
20000 1000 9376
  1 0.0172049 722 0.000208333
  2 0.0516148 0 0
  3 0.0860247 0 0
  4 0.120435 0 0
  5 0.154845 0 0
  6 0.189254 0 0
  7 0.223664 0 0
  8 0.258074 0 0
  9 0.292484 0 0
  10 0.326894 0 0
  11 0.361304 0 0
  12 0.395714 0 0
  13 0.430124 0 0
  14 0.464534 0 0
  15 0.498943 0 0
  16 0.533353 0 0
  17 0.567763 0 0
  18 0.602173 0 0
  19 0.636583 0 0
  20 0.670993 0 0
  21 0.705403 0 0
  22 0.739813 4.2 1.16115
  23 0.774223 282.375 1.04181
  24 0.808633 387.175 1.02725
  25 0.843042 46.8 1.0213
  26 0.877452 1.45 0.876176
  27 0.911862 0 0
  28 0.946272 0 0
  29 0.980682 0 0
  30 1.01509 0 0
  31 1.0495 0 0
  32 1.08391 0 0
  33 1.11832 0 0
  34 1.15273 0 0
  35 1.18714 0 0
  36 1.22155 0 0
  37 1.25596 0 0
  38 1.29037 0 0
  39 1.32478 0 0
  40 1.35919 0 0
  41 1.3936 0 0
  42 1.42801 0 0
  43 1.46242 0 0
  44 1.49683 0 0
  45 1.53124 9.875 0.964994
  46 1.56565 226.15 1.05518
  47 1.60006 377.9 1.05396
  48 1.63447 97.5 1.06138
  49 1.66888 10.25 1.12757
  50 1.70329 0.325 1.3794
  51 1.7377 0 0
  52 1.77211 0 0
  53 1.80652 0 0
  54 1.84093 0 0
  55 1.87534 0 0
  56 1.90975 0 0
  57 1.94416 0 0
  58 1.97857 0 0
  59 2.01298 0 0
  60 2.04739 0 0
  61 2.0818 0 0
  62 2.11621 0 0
  63 2.15062 0 0
  64 2.18503 0 0
  65 2.21944 0 0
  66 2.25385 0.025 0.355864
  67 2.28826 0.775 1.36956
  68 2.32267 23.55 1.08491
  69 2.35708 191.275 1.08964
  70 2.39149 321.5 1.07016
  71 2.4259 151.55 1.08225
  72 2.46031 30.625 1.07191
  73 2.49472 3.075 1.13859
  74 2.52913 0.525 1.81801
  75 2.56354 0.525 1.71196
  76 2.59795 0.8 1.54387
  77 2.63236 1.425 1.53747
  78 2.66677 2.425 1.73904
  79 2.70118 2.775 1.84462
  80 2.73559 3.475 1.5067
  81 2.77 4.65 1.60329
  82 2.80441 4.9 1.54277
  83 2.83882 5.95 1.60119
  84 2.87323 7 1.60187
  85 2.90764 6.125 1.66081
  86 2.94205 5.2 1.69258
  87 2.97646 4 1.60357
  88 3.01087 3.2 1.51186
  89 3.04528 3.025 1.63496
  90 3.07969 2.525 1.47287
  91 3.1141 1.975 1.75067
  92 3.14851 2.975 2.0901
  93 3.18292 5 1.92117
  94 3.21733 7.775 1.82577
  95 3.25174 11.275 1.86144
  96 3.28614 13.925 1.76058
  97 3.32055 17 1.90795
  98 3.35496 19.675 1.80991
  99 3.38937 20.925 1.93286
  100 3.42378 21 1.83269
  101 3.45819 21.7 1.93837
  102 3.4926 20.6 1.87422
  103 3.52701 20.125 1.83996
  104 3.56142 20.55 1.8789
  105 3.59583 20.875 1.82779
  106 3.63024 18.625 1.85746
  107 3.66465 18.175 1.83958
  108 3.69906 19.9 1.87815
  109 3.73347 20.35 1.86905
  110 3.76788 19.45 1.77816
  111 3.80229 18.925 1.84223
  112 3.8367 17.8 1.85363
  113 3.87111 17.425 1.75371
  114 3.90552 18.325 1.72588
  115 3.93993 17.775 1.77215
  116 3.97434 17.525 1.75843
  117 4.00875 17.575 1.83438
  118 4.04316 17.425 1.80309
  119 4.07757 15.475 1.82349
  120 4.11198 17.05 1.86388
  121 4.14639 15.45 1.82347
  122 4.1808 15.875 1.84356
  123 4.21521 17.025 1.78178
  124 4.24962 17.375 1.81918
  125 4.28403 16.75 1.83844
  126 4.31844 16.525 1.79386
  127 4.35285 18.4 1.8849
  128 4.38726 16.775 1.89393
  129 4.42167 17.85 1.83341
  130 4.45608 17.075 1.76367
  131 4.49049 17.825 1.78866
  132 4.5249 18 1.75218
  133 4.55931 17.525 1.85707
  134 4.59372 17.375 1.77645
  135 4.62813 17.425 1.86784
  136 4.66254 18.275 1.96331
  137 4.69695 17.825 1.79853
  138 4.73136 18.75 1.84726
  139 4.76577 18.85 1.90275
  140 4.80018 17.25 1.92274
  141 4.83459 16.65 1.71892
  142 4.869 19 1.83191
  143 4.90341 17.775 1.82893
  144 4.93782 17.4 1.8533
  145 4.97223 16.7 1.92781
  146 5.00664 17.65 1.86404
  147 5.04105 16.925 1.90375
  148 5.07546 17.1 1.94819
  149 5.10987 17.325 1.83215
  150 5.14428 17.225 1.91952
  151 5.17869 17.475 1.91189
  152 5.2131 17.45 1.80794
  153 5.24751 17.375 1.79863
  154 5.28192 17.2 1.85924
  155 5.31633 16.75 1.91127
  156 5.35074 16.125 1.88801
  157 5.38515 16.875 1.88794
  158 5.41956 17.35 1.89353
  159 5.45397 15.9 1.74402
  160 5.48838 18.15 1.74877
  161 5.52279 17.1 1.80382
  162 5.5572 17.875 1.83887
  163 5.59161 17.025 1.81814
  164 5.62602 16.65 1.84557
  165 5.66043 18.625 1.86728
  166 5.69484 17.575 1.81158
  167 5.72925 16.8 1.81971
  168 5.76366 17.475 1.75387
  169 5.79807 16.975 1.77128
  170 5.83248 17.6 1.92087
  171 5.86689 17.25 1.86598
  172 5.9013 18.475 1.91793
  173 5.93571 18.475 1.90053
  174 5.97012 18.175 1.78588
  175 6.00453 18.525 1.93533
  176 6.03894 18.6 1.81654
  177 6.07335 19.1 1.78831
  178 6.10776 20.075 1.91566
  179 6.14217 18.5 1.95751
  180 6.17658 20.65 1.84431
  181 6.21099 19.725 1.89403
  182 6.2454 18.425 1.93986
  183 6.27981 18.45 1.93759
  184 6.31422 18.425 1.92924
  185 6.34863 18.4 1.94316
  186 6.38304 17.675 1.82086
  187 6.41745 17.05 1.93989
  188 6.45186 17.35 1.84696
  189 6.48627 17.125 1.95177
  190 6.52067 17.725 1.89943
  191 6.55508 16.375 1.87832
  192 6.58949 16.6 1.82537
  193 6.6239 15.45 1.85093
  194 6.65831 16.325 1.92034
  195 6.69272 15.525 1.97748
  196 6.72713 16.55 1.80488
  197 6.76154 15.675 1.8725
  198 6.79595 16.05 1.86375
  199 6.83036 15.625 1.96388
  200 6.86477 14.975 1.88369
  201 6.89918 14.525 1.86113
  202 6.93359 16.5 1.90798
  203 6.968 14.475 1.91916
  204 7.00241 14.075 1.95858
  205 7.03682 15.4 1.85985
  206 7.07123 15.775 1.7829
  207 7.10564 17.85 1.76713
  208 7.14005 25.525 1.5872
  209 7.17446 28.075 1.55258
  210 7.20887 20.475 1.60409
  211 7.24328 14.8 1.76786
  212 7.27769 14.275 1.81281
  213 7.3121 18.85 1.64546
  214 7.34651 21.275 1.6974
  215 7.38092 16.75 1.75355
  216 7.41533 13.35 1.78176
  217 7.44974 15.325 1.77525
  218 7.48415 19.85 1.61018
  219 7.51856 20.1 1.73751
  220 7.55297 15.325 1.85025
  221 7.58738 13.825 1.87236
  222 7.62179 13.9 1.88815
  223 7.6562 15.1 1.84106
  224 7.69061 18.325 1.77395
  225 7.72502 21.8 1.66138
  226 7.75943 15.425 1.62917
  227 7.79384 11.625 1.81693
  228 7.82825 13.75 1.77595
  229 7.86266 13 1.94598
  230 7.89707 13.825 1.73124
  231 7.93148 22.35 1.48583
  232 7.96589 29.325 1.46082
  233 8.0003 24.05 1.58259
  234 8.03471 21.15 1.62091
  235 8.06912 17.6 1.71345
  236 8.10353 17.175 1.66608
  237 8.13794 27.275 1.41444
  238 8.17235 22.325 1.64666
  239 8.20676 20.2 1.67363
  240 8.24117 16.1 1.73605
  241 8.27558 18.95 1.71767
  242 8.30999 22.175 1.61849
  243 8.3444 13.425 1.81182
  244 8.37881 12.675 1.76138
  245 8.41322 12.375 1.84122
  246 8.44763 12.25 1.74555
  247 8.48204 15.525 1.63268
  248 8.51645 21.325 1.59914
  249 8.55086 14.6 1.65546
  250 8.58527 11.875 1.84618
  251 8.61968 15.575 1.70215
  252 8.65409 25 1.62217
  253 8.6885 26.475 1.58039
  254 8.72291 24.225 1.48032
  255 8.75732 29.675 1.36981
  256 8.79173 25.025 1.54215
  257 8.82614 21.95 1.61962
  258 8.86055 15.925 1.73885
  259 8.89496 13.975 1.60937
  260 8.92937 25.125 1.43088
  261 8.96378 22.45 1.53929
  262 8.99819 21 1.57007
  263 9.0326 12.725 1.86088
  264 9.06701 16.425 1.7184
  265 9.10142 24.475 1.62467
  266 9.13583 14.4 1.73208
  267 9.17024 18.45 1.60996
  268 9.20465 17.9 1.62757
  269 9.23906 13.225 1.69421
  270 9.27347 15.1 1.6302
  271 9.30788 29.275 1.49683
  272 9.34229 22.7 1.67408
  273 9.3767 13.675 1.71958
  274 9.41111 13.075 1.9263
  275 9.44552 22.75 1.67106
  276 9.47993 29 1.58436
  277 9.51434 15.8 1.71344
  278 9.54875 29.05 0.720544
  279 9.58316 32.35 0.802433
  280 9.61757 24.7 1.66448
  281 9.65198 20.5 1.5773
  282 9.68639 18.425 1.58359
  283 9.7208 32.725 0.80279
  284 9.75521 17.825 1.61253
  285 9.78961 20.725 1.55333
  286 9.82402 11.9 1.67487
  287 9.85843 10.625 1.72446
  288 9.89284 28.975 0.814206
  289 9.92725 11.85 1.65779
  290 9.96166 20.125 1.61926
  291 9.99607 27.925 1.63556
  292 10.0305 17.4 1.74367
  293 10.0649 12.65 1.68275
  294 10.0993 37.85 0.954857
  295 10.1337 27.575 1.6051
  296 10.1681 17.7 1.61512
  297 10.2025 10.925 1.66559
  298 10.2369 17.875 1.66815
  299 10.2714 33.375 1.60244
  300 10.3058 15.925 1.65695
  301 10.3402 11.575 1.73482
  302 10.3746 9.525 1.79526
  303 10.409 27.325 0.886495
  304 10.4434 14.15 1.61375
  305 10.4778 20.8 1.52582
  306 10.5122 14.3 1.51347
  307 10.5466 16.125 1.47879
  308 10.581 34.775 0.916954
  309 10.6155 13.45 1.6445
  310 10.6499 17.175 1.69738
  311 10.6843 15.7 1.67574
  312 10.7187 12.45 1.62707
  313 10.7531 16.975 1.49596
  314 10.7875 28.325 1.51285
  315 10.8219 19.1 1.63415
  316 10.8563 10.75 1.53554
  317 10.8907 16.825 1.55941
  318 10.9251 35.65 1.45092
  319 10.9596 25.925 1.41712
  320 10.994 15.825 1.61936
  321 11.0284 9.85 1.60878
  322 11.0628 44.95 0.693306
  323 11.0972 9.425 1.68793
  324 11.1316 8.25 1.63701
  325 11.166 8.45 1.67044
  326 11.2004 8.275 1.69116
  327 11.2348 12.425 1.61863
  328 11.2692 28.55 1.46344
  329 11.3037 28.475 1.47922
  330 11.3381 24.475 1.4496
  331 11.3725 17.725 1.39336
  332 11.4069 9.925 1.74537
  333 11.4413 14.8 1.65844
  334 11.4757 14.825 1.6552
  335 11.5101 7.3 1.74262
  336 11.5445 6.75 1.71039
  337 11.5789 31.925 0.860995
  338 11.6133 22.075 1.52799
  339 11.6477 13 1.33201
  340 11.6822 8.2 1.51896
  341 11.7166 34.15 0.974226
  342 11.751 21.75 1.40464
  343 11.7854 9.525 1.45278
  344 11.8198 4.35 1.50402
  345 11.8542 11 1.37978
  346 11.8886 25.075 1.27083
  347 11.923 20.725 1.32726
  348 11.9574 5.825 1.5551
  349 11.9918 2.875 1.59091
  350 12.0263 3.6 1.42942
  351 12.0607 28.075 0.713282
  352 12.0951 29.6 1.32707
  353 12.1295 33.65 1.28751
  354 12.1639 24.7 1.28652
  355 12.1983 5.2 1.37327
  356 12.2327 10.575 1.48911
  357 12.2671 16.975 1.48543
  358 12.3015 15.55 1.20801
  359 12.3359 15.075 1.15659
  360 12.3704 7 1.23719
  361 12.4048 28.65 0.856091
  362 12.4392 21.925 1.18258
  363 12.4736 26.95 1.22318
  364 12.508 18.65 1.2719
  365 12.5424 35.625 0.753626
  366 12.5768 20.425 1.15501
  367 12.6112 18.625 1.06318
  368 12.6456 21.775 1.16297
  369 12.68 47.2 1.13316
  370 12.7145 48.375 1.18127
  371 12.7489 13.4 1.10175
  372 12.7833 2.35 1.23911
  373 12.8177 1.4 1.73531
  374 12.8521 4.125 1.39528
  375 12.8865 26 1.38937
  376 12.9209 33.625 1.22049
  377 12.9553 31.225 0.616831
  378 12.9897 7.775 1.43895
  379 13.0241 9.625 1.49905
  380 13.0586 24.525 0.770919
  381 13.093 13.6 1.13639
  382 13.1274 16.875 1.04504
  383 13.1618 5.275 1.16149
  384 13.1962 5.675 1.13796
  385 13.2306 20.025 1.09382
  386 13.265 27.725 1.19966
  387 13.2994 19.525 1.23684
  388 13.3338 21.9 0.365413
  389 13.3682 11.325 1.09139
  390 13.4027 20.25 1.08234
  391 13.4371 15.175 1.08602
  392 13.4715 47.8 1.11888
  393 13.5059 65.35 1.17178
  394 13.5403 19.625 1.2067
  395 13.5747 1.55 1.39442
  396 13.6091 0.325 1.31242
  397 13.6435 0.4 1.19559
  398 13.6779 23.825 0.659833
  399 13.7123 36.2 0.591446
  400 13.7468 12.25 1.12971
  401 13.7812 4.75 1.49139
  402 13.8156 11.275 1.38022
  403 13.85 3.825 1.19695
  404 13.8844 11.975 1.0526
  405 13.9188 20.725 1.05786
  406 13.9532 12.95 1.27156
  407 13.9876 7.075 1.20295
  408 14.022 22.45 0.335092
  409 14.0564 26.55 1.15547
  410 14.0909 23.175 1.26897
  411 14.1253 1.75 1.19347
  412 14.1597 8.8 1.02365
  413 14.1941 22.25 0.994855
  414 14.2285 8.725 0.984421
  415 14.2629 44.775 0.656875
  416 14.2973 72.175 0.69755
  417 14.3317 24.225 1.1581
  418 14.3661 7.275 1.19103
  419 14.4005 8 1.30185
  420 14.435 1.55 1.20951
  421 14.4694 0.075 1.22276
  422 14.5038 18.05 0.0420425
  423 14.5382 18.075 0.0610424
  424 14.5726 2.75 1.24787
  425 14.607 12.65 1.38004
  426 14.6414 2.6 1.52681
  427 14.6758 18.125 0.0550679
  428 14.7102 19.4 0.134123
  429 14.7446 8.15 1.24112
  430 14.779 7.975 1.23245
  431 14.8135 0.525 1.63529
  432 14.8479 18.05 0.0202428
  433 14.8823 36.1 0.212705
  434 14.9167 0 0
  435 14.9511 0 0
  436 14.9855 36.1 0.016932
  437 15.0199 0 0
  438 15.0543 36.6 0.0176744
  439 15.0887 24.7 0.377397
  440 15.1231 29.425 0.522893
  441 15.1576 5.925 1.16842
  442 15.192 10 1.29982
  443 15.2264 1.65 1.32073
  444 15.2608 0 0
  445 15.2952 0 0
  446 15.3296 0 0
  447 15.364 0 0
  448 15.3984 18.05 0.381126
  449 15.4328 0 0
  450 15.4672 0 0
  451 15.5017 0.6 1.1684
  452 15.5361 6.35 1.2497
  453 15.5705 10.625 1.31788
  454 15.6049 0.475 0.965647
  455 15.6393 0 0
  456 15.6737 0 0
  457 15.7081 0 0
  458 15.7425 0 0
  459 15.7769 0 0
  460 15.8113 0 0
  461 15.8458 0 0
  462 15.8802 0 0
  463 15.9146 18.4 0.316876
  464 15.949 3.825 1.39939
  465 15.9834 12.45 1.2533
  466 16.0178 1.425 1.17015
  467 16.0522 0 0
  468 16.0866 0 0
  469 16.121 0 0
  470 16.1554 0 0
  471 16.1899 0 0
  472 16.2243 0 0
  473 16.2587 0 0
  474 16.2931 0 0
  475 16.3275 0 0
  476 16.3619 18.05 0.241659
  477 16.3963 0 0
  478 16.4307 0 0
  479 16.4651 0 0
  480 16.4995 0 0
  481 16.534 0 0
  482 16.5684 0 0
  483 16.6028 0 0
  484 16.6372 0 0
  485 16.6716 0 0
  486 16.706 0 0
  487 16.7404 0 0
  488 16.7748 18.05 0.2293
  489 16.8092 0 0
  490 16.8436 0 0
  491 16.8781 0 0
  492 16.9125 0 0
  493 16.9469 0 0
  494 16.9813 0 0
  495 17.0157 0 0
  496 17.0501 0 0
  497 17.0845 0 0
  498 17.1189 0 0
  499 17.1533 0 0
  500 17.1877 0 0
  501 17.2222 0 0
  502 17.2566 0 0
  503 17.291 0 0
  504 17.3254 0 0
  505 17.3598 0 0
  506 17.3942 0 0
  507 17.4286 0 0
  508 17.463 0 0
  509 17.4974 0 0
  510 17.5318 0 0
  511 17.5663 0 0
  512 17.6007 0 0
  513 17.6351 0 0
  514 17.6695 0 0
  515 17.7039 0 0
  516 17.7383 0 0
  517 17.7727 0 0
  518 17.8071 0 0
  519 17.8415 0 0
  520 17.8759 0 0
  521 17.9103 0 0
  522 17.9448 0 0
  523 17.9792 0 0
  524 18.0136 0 0
  525 18.048 0 0
  526 18.0824 0 0
  527 18.1168 0 0
  528 18.1512 0 0
  529 18.1856 0 0
  530 18.22 0 0
  531 18.2544 0 0
  532 18.2889 0 0
  533 18.3233 0 0
  534 18.3577 0 0
  535 18.3921 0 0
  536 18.4265 0 0
  537 18.4609 0 0
  538 18.4953 0 0
  539 18.5297 0 0
  540 18.5641 0 0
  541 18.5985 0 0
  542 18.633 0 0
  543 18.6674 0 0
  544 18.7018 0 0
  545 18.7362 0 0
  546 18.7706 0 0
  547 18.805 0 0
  548 18.8394 0 0
  549 18.8738 0 0
  550 18.9082 0 0
  551 18.9426 0 0
  552 18.9771 0 0
  553 19.0115 0 0
  554 19.0459 0 0
  555 19.0803 0 0
  556 19.1147 0 0
  557 19.1491 0 0
  558 19.1835 0 0
  559 19.2179 0 0
  560 19.2523 0 0
  561 19.2867 0 0
  562 19.3212 0 0
  563 19.3556 0 0
  564 19.39 0 0
  565 19.4244 0 0
  566 19.4588 0 0
  567 19.4932 0 0
  568 19.5276 0 0
  569 19.562 0 0
  570 19.5964 0 0
  571 19.6308 0 0
  572 19.6653 0 0
  573 19.6997 0 0
  574 19.7341 0 0
  575 19.7685 0 0
  576 19.8029 0 0
  577 19.8373 0 0
  578 19.8717 0 0
  579 19.9061 0 0
  580 19.9405 0 0
  581 19.9749 0 0
  582 20.0094 0 0
  583 20.0438 0 0
  584 20.0782 0 0
  585 20.1126 0 0
  586 20.147 0 0
  587 20.1814 0 0
  588 20.2158 0 0
  589 20.2502 0 0
  590 20.2846 0 0
  591 20.319 0 0
  592 20.3535 0 0
  593 20.3879 0 0
  594 20.4223 0 0
  595 20.4567 0 0
  596 20.4911 0 0
  597 20.5255 0 0
  598 20.5599 0 0
  599 20.5943 0 0
  600 20.6287 0 0
  601 20.6631 0 0
  602 20.6976 0 0
  603 20.732 0 0
  604 20.7664 0 0
  605 20.8008 0 0
  606 20.8352 0 0
  607 20.8696 0 0
  608 20.904 0 0
  609 20.9384 0 0
  610 20.9728 0 0
  611 21.0072 0 0
  612 21.0417 0 0
  613 21.0761 0 0
  614 21.1105 0 0
  615 21.1449 0 0
  616 21.1793 0 0
  617 21.2137 0 0
  618 21.2481 0 0
  619 21.2825 0 0
  620 21.3169 0 0
  621 21.3513 0 0
  622 21.3857 0 0
  623 21.4202 0 0
  624 21.4546 0 0
  625 21.489 0 0
  626 21.5234 0 0
  627 21.5578 0 0
  628 21.5922 0 0
  629 21.6266 0 0
  630 21.661 0 0
  631 21.6954 0 0
  632 21.7298 0 0
  633 21.7643 0 0
  634 21.7987 0 0
  635 21.8331 0 0
  636 21.8675 0 0
  637 21.9019 0 0
  638 21.9363 0 0
  639 21.9707 0 0
  640 22.0051 0 0
  641 22.0395 0 0
  642 22.0739 0 0
  643 22.1084 0 0
  644 22.1428 0 0
  645 22.1772 0 0
  646 22.2116 0 0
  647 22.246 0 0
  648 22.2804 0 0
  649 22.3148 0 0
  650 22.3492 0 0
  651 22.3836 0 0
  652 22.418 0 0
  653 22.4525 0 0
  654 22.4869 0 0
  655 22.5213 0 0
  656 22.5557 0 0
  657 22.5901 0 0
  658 22.6245 0 0
  659 22.6589 0 0
  660 22.6933 0 0
  661 22.7277 0 0
  662 22.7621 0 0
  663 22.7966 0 0
  664 22.831 0 0
  665 22.8654 0 0
  666 22.8998 0 0
  667 22.9342 0 0
  668 22.9686 0 0
  669 23.003 0 0
  670 23.0374 0 0
  671 23.0718 0 0
  672 23.1062 0 0
  673 23.1407 0 0
  674 23.1751 0 0
  675 23.2095 0 0
  676 23.2439 0 0
  677 23.2783 0 0
  678 23.3127 0 0
  679 23.3471 0 0
  680 23.3815 0 0
  681 23.4159 0 0
  682 23.4503 0 0
  683 23.4848 0 0
  684 23.5192 0 0
  685 23.5536 0 0
  686 23.588 0 0
  687 23.6224 0 0
  688 23.6568 0 0
  689 23.6912 0 0
  690 23.7256 0 0
  691 23.76 0 0
  692 23.7944 0 0
  693 23.8289 0 0
  694 23.8633 0 0
  695 23.8977 0 0
  696 23.9321 0 0
  697 23.9665 0 0
  698 24.0009 0 0
  699 24.0353 0 0
  700 24.0697 0 0
  701 24.1041 0 0
  702 24.1385 0 0
  703 24.173 0 0
  704 24.2074 0 0
  705 24.2418 0 0
  706 24.2762 0 0
  707 24.3106 0 0
  708 24.345 0 0
  709 24.3794 0 0
  710 24.4138 0 0
  711 24.4482 0 0
  712 24.4826 0 0
  713 24.517 0 0
  714 24.5515 0 0
  715 24.5859 0 0
  716 24.6203 0 0
  717 24.6547 0 0
  718 24.6891 0 0
  719 24.7235 0 0
  720 24.7579 0 0
  721 24.7923 0 0
  722 24.8267 0 0
  723 24.8611 0 0
  724 24.8956 0 0
  725 24.93 0 0
  726 24.9644 0 0
  727 24.9988 0 0
  728 25.0332 0 0
  729 25.0676 0 0
  730 25.102 0 0
  731 25.1364 0 0
  732 25.1708 0 0
  733 25.2052 0 0
  734 25.2397 0 0
  735 25.2741 0 0
  736 25.3085 0 0
  737 25.3429 0 0
  738 25.3773 0 0
  739 25.4117 0 0
  740 25.4461 0 0
  741 25.4805 0 0
  742 25.5149 0 0
  743 25.5493 0 0
  744 25.5838 0 0
  745 25.6182 0 0
  746 25.6526 0 0
  747 25.687 0 0
  748 25.7214 0 0
  749 25.7558 0 0
  750 25.7902 0 0
  751 25.8246 0 0
  752 25.859 0 0
  753 25.8934 0 0
  754 25.9279 0 0
  755 25.9623 0 0
  756 25.9967 0 0
  757 26.0311 0 0
  758 26.0655 0 0
  759 26.0999 0 0
  760 26.1343 0 0
  761 26.1687 0 0
  762 26.2031 0 0
  763 26.2375 0 0
  764 26.272 0 0
  765 26.3064 0 0
  766 26.3408 0 0
  767 26.3752 0 0
  768 26.4096 0 0
  769 26.444 0 0
  770 26.4784 0 0
  771 26.5128 0 0
  772 26.5472 0 0
  773 26.5816 0 0
  774 26.6161 0 0
  775 26.6505 0 0
  776 26.6849 0 0
  777 26.7193 0 0
  778 26.7537 0 0
  779 26.7881 0 0
  780 26.8225 0 0
  781 26.8569 0 0
  782 26.8913 0 0
  783 26.9257 0 0
  784 26.9602 0 0
  785 26.9946 0 0
  786 27.029 0 0
  787 27.0634 0 0
  788 27.0978 0 0
  789 27.1322 0 0
  790 27.1666 0 0
  791 27.201 0 0
  792 27.2354 0 0
  793 27.2698 0 0
  794 27.3043 0 0
  795 27.3387 0 0
  796 27.3731 0 0
  797 27.4075 0 0
  798 27.4419 0 0
  799 27.4763 0 0
  800 27.5107 0 0
  801 27.5451 0 0
  802 27.5795 0 0
  803 27.6139 0 0
  804 27.6484 0 0
  805 27.6828 0 0
  806 27.7172 0 0
  807 27.7516 0 0
  808 27.786 0 0
  809 27.8204 0 0
  810 27.8548 0 0
  811 27.8892 0 0
  812 27.9236 0 0
  813 27.958 0 0
  814 27.9924 0 0
  815 28.0269 0 0
  816 28.0613 0 0
  817 28.0957 0 0
  818 28.1301 0 0
  819 28.1645 0 0
  820 28.1989 0 0
  821 28.2333 0 0
  822 28.2677 0 0
  823 28.3021 0 0
  824 28.3365 0 0
  825 28.371 0 0
  826 28.4054 0 0
  827 28.4398 0 0
  828 28.4742 0 0
  829 28.5086 0 0
  830 28.543 0 0
  831 28.5774 0 0
  832 28.6118 0 0
  833 28.6462 0 0
  834 28.6806 0 0
  835 28.7151 0 0
  836 28.7495 0 0
  837 28.7839 0 0
  838 28.8183 0 0
  839 28.8527 0 0
  840 28.8871 0 0
  841 28.9215 0 0
  842 28.9559 0 0
  843 28.9903 0 0
  844 29.0247 0 0
  845 29.0592 0 0
  846 29.0936 0 0
  847 29.128 0 0
  848 29.1624 0 0
  849 29.1968 0 0
  850 29.2312 0 0
  851 29.2656 0 0
  852 29.3 0 0
  853 29.3344 0 0
  854 29.3688 0 0
  855 29.4033 0 0
  856 29.4377 0 0
  857 29.4721 0 0
  858 29.5065 0 0
  859 29.5409 0 0
  860 29.5753 0 0
  861 29.6097 0 0
  862 29.6441 0 0
  863 29.6785 0 0
  864 29.7129 0 0
  865 29.7474 0 0
  866 29.7818 0 0
  867 29.8162 0 0
  868 29.8506 0 0
  869 29.885 0 0
  870 29.9194 0 0
  871 29.9538 0 0
  872 29.9882 0 0
  873 30.0226 0 0
  874 30.057 0 0
  875 30.0915 0 0
  876 30.1259 0 0
  877 30.1603 0 0
  878 30.1947 0 0
  879 30.2291 0 0
  880 30.2635 0 0
  881 30.2979 0 0
  882 30.3323 0 0
  883 30.3667 0 0
  884 30.4011 0 0
  885 30.4356 0 0
  886 30.47 0 0
  887 30.5044 0 0
  888 30.5388 0 0
  889 30.5732 0 0
  890 30.6076 0 0
  891 30.642 0 0
  892 30.6764 0 0
  893 30.7108 0 0
  894 30.7452 0 0
  895 30.7797 0 0
  896 30.8141 0 0
  897 30.8485 0 0
  898 30.8829 0 0
  899 30.9173 0 0
  900 30.9517 0 0
  901 30.9861 0 0
  902 31.0205 0 0
  903 31.0549 0 0
  904 31.0893 0 0
  905 31.1237 0 0
  906 31.1582 0 0
  907 31.1926 0 0
  908 31.227 0 0
  909 31.2614 0 0
  910 31.2958 0 0
  911 31.3302 0 0
  912 31.3646 0 0
  913 31.399 0 0
  914 31.4334 0 0
  915 31.4678 0 0
  916 31.5023 0 0
  917 31.5367 0 0
  918 31.5711 0 0
  919 31.6055 0 0
  920 31.6399 0 0
  921 31.6743 0 0
  922 31.7087 0 0
  923 31.7431 0 0
  924 31.7775 0 0
  925 31.8119 0 0
  926 31.8464 0 0
  927 31.8808 0 0
  928 31.9152 0 0
  929 31.9496 0 0
  930 31.984 0 0
  931 32.0184 0 0
  932 32.0528 0 0
  933 32.0872 0 0
  934 32.1216 0 0
  935 32.156 0 0
  936 32.1905 0 0
  937 32.2249 0 0
  938 32.2593 0 0
  939 32.2937 0 0
  940 32.3281 0 0
  941 32.3625 0 0
  942 32.3969 0 0
  943 32.4313 0 0
  944 32.4657 0 0
  945 32.5001 0 0
  946 32.5346 0 0
  947 32.569 0 0
  948 32.6034 0 0
  949 32.6378 0 0
  950 32.6722 0 0
  951 32.7066 0 0
  952 32.741 0 0
  953 32.7754 0 0
  954 32.8098 0 0
  955 32.8442 0 0
  956 32.8787 0 0
  957 32.9131 0 0
  958 32.9475 0 0
  959 32.9819 0 0
  960 33.0163 0 0
  961 33.0507 0 0
  962 33.0851 0 0
  963 33.1195 0 0
  964 33.1539 0 0
  965 33.1883 0 0
  966 33.2228 0 0
  967 33.2572 0 0
  968 33.2916 0 0
  969 33.326 0 0
  970 33.3604 0 0
  971 33.3948 0 0
  972 33.4292 0 0
  973 33.4636 0 0
  974 33.498 0 0
  975 33.5324 0 0
  976 33.5669 0 0
  977 33.6013 0 0
  978 33.6357 0 0
  979 33.6701 0 0
  980 33.7045 0 0
  981 33.7389 0 0
  982 33.7733 0 0
  983 33.8077 0 0
  984 33.8421 0 0
  985 33.8765 0 0
  986 33.911 0 0
  987 33.9454 0 0
  988 33.9798 0 0
  989 34.0142 0 0
  990 34.0486 0 0
  991 34.083 0 0
  992 34.1174 0 0
  993 34.1518 0 0
  994 34.1862 0 0
  995 34.2206 0 0
  996 34.255 0 0
  997 34.2895 0 0
  998 34.3239 0 0
  999 34.3583 0 0
  1000 34.3927 0 0
24000 1000 9376
  1 0.0172049 722 0.000208333
  2 0.0516148 0 0
  3 0.0860247 0 0
  4 0.120435 0 0
  5 0.154845 0 0
  6 0.189254 0 0
  7 0.223664 0 0
  8 0.258074 0 0
  9 0.292484 0 0
  10 0.326894 0 0
  11 0.361304 0 0
  12 0.395714 0 0
  13 0.430124 0 0
  14 0.464534 0 0
  15 0.498943 0 0
  16 0.533353 0 0
  17 0.567763 0 0
  18 0.602173 0 0
  19 0.636583 0 0
  20 0.670993 0 0
  21 0.705403 0 0
  22 0.739813 4.175 1.05661
  23 0.774223 283.225 1.00816
  24 0.808633 386.525 1.01601
  25 0.843042 46.925 1.00917
  26 0.877452 1.15 0.86746
  27 0.911862 0 0
  28 0.946272 0 0
  29 0.980682 0 0
  30 1.01509 0 0
  31 1.0495 0 0
  32 1.08391 0 0
  33 1.11832 0 0
  34 1.15273 0 0
  35 1.18714 0 0
  36 1.22155 0 0
  37 1.25596 0 0
  38 1.29037 0 0
  39 1.32478 0 0
  40 1.35919 0 0
  41 1.3936 0 0
  42 1.42801 0 0
  43 1.46242 0 0
  44 1.49683 0 0
  45 1.53124 9.5 1.00447
  46 1.56565 230.8 1.04958
  47 1.60006 372.025 1.0384
  48 1.63447 99.8 1.0473
  49 1.66888 9.475 1.03187
  50 1.70329 0.4 0.873848
  51 1.7377 0 0
  52 1.77211 0 0
  53 1.80652 0 0
  54 1.84093 0 0
  55 1.87534 0 0
  56 1.90975 0 0
  57 1.94416 0 0
  58 1.97857 0 0
  59 2.01298 0 0
  60 2.04739 0 0
  61 2.0818 0 0
  62 2.11621 0 0
  63 2.15062 0 0
  64 2.18503 0 0
  65 2.21944 0 0
  66 2.25385 0 0
  67 2.28826 0.725 1.23857
  68 2.32267 22.9 1.04985
  69 2.35708 193.075 1.04869
  70 2.39149 323.175 1.05381
  71 2.4259 147.775 1.03665
  72 2.46031 31.3 1.08024
  73 2.49472 3.3 1.27916
  74 2.52913 0.55 1.35417
  75 2.56354 0.725 1.68661
  76 2.59795 0.975 1.70068
  77 2.63236 1.575 1.48238
  78 2.66677 2.35 1.71517
  79 2.70118 2.925 1.79582
  80 2.73559 4.325 1.52155
  81 2.77 4.975 1.65894
  82 2.80441 5.075 1.62861
  83 2.83882 6.225 1.60439
  84 2.87323 5.85 1.55746
  85 2.90764 6.725 1.60192
  86 2.94205 4.275 1.60424
  87 2.97646 4.3 1.65346
  88 3.01087 3.3 1.57138
  89 3.04528 2.275 1.45167
  90 3.07969 1.9 1.46101
  91 3.1141 2.025 1.47369
  92 3.14851 2.775 1.68141
  93 3.18292 3.925 1.80734
  94 3.21733 7.6 1.5409
  95 3.25174 10.925 1.63099
  96 3.28614 14.675 1.68218
  97 3.32055 17.85 1.72301
  98 3.35496 22 1.70552
  99 3.38937 24.325 1.76132
  100 3.42378 24.225 1.69805
  101 3.45819 25.725 1.75491
  102 3.4926 25.875 1.6691
  103 3.52701 25.05 1.6651
  104 3.56142 26.2 1.72659
  105 3.59583 25.325 1.71499
  106 3.63024 25.325 1.73782
  107 3.66465 24.65 1.77552
  108 3.69906 25.575 1.71673
  109 3.73347 26.025 1.73927
  110 3.76788 25.925 1.66648
  111 3.80229 24.675 1.73352
  112 3.8367 23.575 1.65132
  113 3.87111 23.65 1.7657
  114 3.90552 23.5 1.6768
  115 3.93993 23.1 1.7064
  116 3.97434 22.9 1.68669
  117 4.00875 22 1.69068
  118 4.04316 21.5 1.7389
  119 4.07757 20.15 1.7996
  120 4.11198 20.925 1.66142
  121 4.14639 20.375 1.67054
  122 4.1808 19.175 1.7895
  123 4.21521 20.5 1.76614
  124 4.24962 21.675 1.67234
  125 4.28403 19.875 1.68453
  126 4.31844 20.425 1.68504
  127 4.35285 19.75 1.60742
  128 4.38726 19.6 1.71082
  129 4.42167 18.725 1.70076
  130 4.45608 18.575 1.69888
  131 4.49049 19.825 1.83441
  132 4.5249 20.1 1.72356
  133 4.55931 20.675 1.77971
  134 4.59372 20.1 1.80268
  135 4.62813 20.775 1.79055
  136 4.66254 21.425 1.74044
  137 4.69695 20.125 1.71866
  138 4.73136 20.475 1.73563
  139 4.76577 20.3 1.64409
  140 4.80018 21.65 1.78656
  141 4.83459 21.125 1.73924
  142 4.869 21.15 1.74412
  143 4.90341 20.45 1.7264
  144 4.93782 20.675 1.73981
  145 4.97223 20.7 1.82719
  146 5.00664 20.35 1.76259
  147 5.04105 19.275 1.75371
  148 5.07546 21.3 1.6942
  149 5.10987 22.25 1.73757
  150 5.14428 20.175 1.72951
  151 5.17869 20.05 1.74258
  152 5.2131 20.325 1.68405
  153 5.24751 22.225 1.77903
  154 5.28192 21.5 1.79157
  155 5.31633 20.8 1.83378
  156 5.35074 21.525 1.7021
  157 5.38515 21.25 1.70646
  158 5.41956 21 1.79774
  159 5.45397 20 1.83006
  160 5.48838 21.925 1.7401
  161 5.52279 21.75 1.739
  162 5.5572 20.65 1.67204
  163 5.59161 20.875 1.80927
  164 5.62602 20.8 1.75338
  165 5.66043 19.4 1.71248
  166 5.69484 20.375 1.7456
  167 5.72925 20.5 1.70776
  168 5.76366 19.25 1.70585
  169 5.79807 21 1.79121
  170 5.83248 22.275 1.73582
  171 5.86689 21.875 1.72643
  172 5.9013 19.85 1.69313
  173 5.93571 20.35 1.66373
  174 5.97012 20.325 1.7668
  175 6.00453 21.075 1.70347
  176 6.03894 19.575 1.76334
  177 6.07335 20.475 1.87028
  178 6.10776 21.4 1.58046
  179 6.14217 20.325 1.71893
  180 6.17658 20.675 1.65974
  181 6.21099 19.975 1.7764
  182 6.2454 21.875 1.75805
  183 6.27981 19.625 1.63612
  184 6.31422 22.25 1.72735
  185 6.34863 21.525 1.70863
  186 6.38304 22.475 1.69646
  187 6.41745 21.175 1.71008
  188 6.45186 21.3 1.67125
  189 6.48627 22.7 1.81049
  190 6.52067 22 1.68957
  191 6.55508 21.95 1.73108
  192 6.58949 22.2 1.7121
  193 6.6239 21.9 1.75854
  194 6.65831 21.675 1.81844
  195 6.69272 24.325 1.80586
  196 6.72713 22.375 1.74072
  197 6.76154 23.575 1.80097
  198 6.79595 22.05 1.71131
  199 6.83036 22.05 1.7292
  200 6.86477 20.075 1.87646
  201 6.89918 19.95 1.73574
  202 6.93359 18.4 1.77189
  203 6.968 20 1.71376
  204 7.00241 20.75 1.70277
  205 7.03682 19.825 1.74
  206 7.07123 19.975 1.65523
  207 7.10564 18.85 1.69946
  208 7.14005 19.75 1.72824
  209 7.17446 19.75 1.70867
  210 7.20887 19.35 1.73665
  211 7.24328 19.35 1.82222
  212 7.27769 18.525 1.61153
  213 7.3121 18.175 1.66227
  214 7.34651 17.475 1.70395
  215 7.38092 18.175 1.71475
  216 7.41533 18.425 1.6704
  217 7.44974 18.175 1.63992
  218 7.48415 17.675 1.66218
  219 7.51856 16.5 1.67314
  220 7.55297 16.925 1.65539
  221 7.58738 18.45 1.64057
  222 7.62179 20.575 1.55176
  223 7.6562 28.975 1.43673
  224 7.69061 32.75 1.37408
  225 7.72502 23.775 1.56508
  226 7.75943 26.525 1.53366
  227 7.79384 31 1.41373
  228 7.82825 24.45 1.51537
  229 7.86266 16 1.64855
  230 7.89707 15.875 1.63838
  231 7.93148 17.95 1.67028
  232 7.96589 20.775 1.49969
  233 8.0003 28.625 1.38215
  234 8.03471 26.55 1.46553
  235 8.06912 18.9 1.52821
  236 8.10353 15.4 1.66927
  237 8.13794 15.4 1.68916
  238 8.17235 16.4 1.60517
  239 8.20676 19.65 1.53033
  240 8.24117 22.425 1.49594
  241 8.27558 20.95 1.47719
  242 8.30999 17.625 1.53195
  243 8.3444 22.8 1.52647
  244 8.37881 19.975 1.52048
  245 8.41322 17.275 1.58157
  246 8.44763 24.175 1.36774
  247 8.48204 37.225 1.319
  248 8.51645 26.225 1.35271
  249 8.55086 27.175 1.4072
  250 8.58527 36.625 1.29152
  251 8.61968 22.15 1.36384
  252 8.65409 14.275 1.68607
  253 8.6885 14.675 1.63701
  254 8.72291 20.55 1.55011
  255 8.75732 27.85 1.40311
  256 8.79173 34.5 1.33416
  257 8.82614 34.075 1.39883
  258 8.86055 19.175 1.48413
  259 8.89496 13.525 1.6194
  260 8.92937 12.225 1.66466
  261 8.96378 13.85 1.7018
  262 8.99819 16.125 1.38708
  263 9.0326 20.275 1.39936
  264 9.06701 20.3 1.46131
  265 9.10142 21.775 1.39634
  266 9.13583 34.65 1.34598
  267 9.17024 28.625 1.45125
  268 9.20465 14.075 1.5269
  269 9.23906 17.1 1.3713
  270 9.27347 36.75 1.20638
  271 9.30788 21.475 1.3269
  272 9.34229 23.875 1.35936
  273 9.3767 37.875 1.2194
  274 9.41111 29.225 1.304
  275 9.44552 18.35 1.3955
  276 9.47993 16.55 1.4329
  277 9.51434 18 1.28938
  278 9.54875 27.225 1.29998
  279 9.58316 35.575 1.24729
  280 9.61757 36.475 1.25782
  281 9.65198 24.875 1.27776
  282 9.68639 19.075 1.31523
  283 9.7208 10.9 1.34174
  284 9.75521 5.425 1.42622
  285 9.78961 6.225 1.44122
  286 9.82402 15.125 1.26711
  287 9.85843 17.3 1.16771
  288 9.89284 25.525 1.22002
  289 9.92725 38.25 1.19275
  290 9.96166 34.175 1.30759
  291 9.99607 10.475 1.43585
  292 10.0305 6.075 1.30798
  293 10.0649 47.2 0.279714
  294 10.0993 26.5 1.15359
  295 10.1337 22.475 1.17616
  296 10.1681 44.825 0.283137
  297 10.2025 15.7 1.24286
  298 10.2369 20.45 1.15269
  299 10.2714 27.35 1.17005
  300 10.3058 20.025 1.22168
  301 10.3402 31.15 1.23439
  302 10.3746 44.325 0.728424
  303 10.409 47.375 0.767925
  304 10.4434 32.525 1.14728
  305 10.4778 24.45 1.11396
  306 10.5122 19.35 1.09411
  307 10.5466 16.4 1.0919
  308 10.581 15.325 1.14475
  309 10.6155 37.575 0.613178
  310 10.6499 32.2 1.07957
  311 10.6843 58.075 1.12356
  312 10.7187 58.975 1.10451
  313 10.7531 48.375 0.829426
  314 10.7875 8.475 1.34043
  315 10.8219 1.3 1.06014
  316 10.8563 6.375 1.07069
  317 10.8907 19.7 1.13491
  318 10.9251 27.975 0.466067
  319 10.9596 3.5 1.17195
  320 10.994 15.65 1.11564
  321 11.0284 20.125 1.13229
  322 11.0628 37.175 1.05795
  323 11.0972 17 1.08484
  324 11.1316 33.425 0.664322
  325 11.166 21.55 1.22103
  326 11.2004 34.55 0.577414
  327 11.2348 25.675 1.10934
  328 11.2692 23.55 1.06192
  329 11.3037 22.45 1.06747
  330 11.3381 23.9 1.09687
  331 11.3725 18.95 1.06858
  332 11.4069 20.45 1.02963
  333 11.4413 24.65 1.07564
  334 11.4757 55.925 1.09892
  335 11.5101 68.825 0.837794
  336 11.5445 31.6 0.630734
  337 11.5789 9.85 1.2179
  338 11.6133 5.95 1.16575
  339 11.6477 11.275 1.18673
  340 11.6822 23.375 1.06171
  341 11.7166 12.025 1.11326
  342 11.751 0.15 1.35283
  343 11.7854 19.325 0.174227
  344 11.8198 9.05 1.08414
  345 11.8542 45.725 0.685895
  346 11.8886 16.85 1.09078
  347 11.923 10.375 1.1933
  348 11.9574 26.525 0.522744
  349 11.9918 13.975 1.04706
  350 12.0263 18 1.0112
  351 12.0607 22.4 0.251066
  352 12.0951 30.725 0.519366
  353 12.1295 23.7 1.05604
  354 12.1639 20.675 1.0654
  355 12.1983 18.75 1.04203
  356 12.2327 20.525 1.08705
  357 12.2671 53.575 0.706963
  358 12.3015 61.575 0.771655
  359 12.3359 3.4 1.04351
  360 12.3704 18.525 0.2225
  361 12.4048 4.925 1.22065
  362 12.4392 10.675 1.09586
  363 12.4736 38.025 0.103436
  364 12.508 0 0
  365 12.5424 0 0
  366 12.5768 0.225 0.975562
  367 12.6112 4.85 1.16308
  368 12.6456 29.925 0.467655
  369 12.68 19.15 0.11338
  370 12.7145 18.05 0.181942
  371 12.7489 0 0
  372 12.7833 18.05 0.0173968
  373 12.8177 18.05 0.0180815
  374 12.8521 0 0
  375 12.8865 18.675 0.0614239
  376 12.9209 23.9 0.29028
  377 12.9553 10.775 1.15722
  378 12.9897 18.85 0.0492778
  379 13.0241 18.05 0.00331861
  380 13.0586 36.1 0.00587742
  381 13.093 54.15 0.0577134
  382 13.1274 0 0
  383 13.1618 0.125 1.85683
  384 13.1962 3.125 1.09166
  385 13.2306 12.55 1.14261
  386 13.265 2.25 1.08819
  387 13.2994 0 0
  388 13.3338 0 0
  389 13.3682 0 0
  390 13.4027 0 0
  391 13.4371 18.05 0.13163
  392 13.4715 0 0
  393 13.5059 0 0
  394 13.5403 0 0
  395 13.5747 0 0
  396 13.6091 0 0
  397 13.6435 0 0
  398 13.6779 0 0
  399 13.7123 0 0
  400 13.7468 18.05 0.123745
  401 13.7812 0 0
  402 13.8156 0 0
  403 13.85 0 0
  404 13.8844 0 0
  405 13.9188 0 0
  406 13.9532 0 0
  407 13.9876 0 0
  408 14.022 18.05 0.0874344
  409 14.0564 0 0
  410 14.0909 0 0
  411 14.1253 0 0
  412 14.1597 0 0
  413 14.1941 0 0
  414 14.2285 0 0
  415 14.2629 0 0
  416 14.2973 0 0
  417 14.3317 0 0
  418 14.3661 0 0
  419 14.4005 0 0
  420 14.435 0 0
  421 14.4694 0 0
  422 14.5038 0 0
  423 14.5382 0 0
  424 14.5726 0 0
  425 14.607 0 0
  426 14.6414 0 0
  427 14.6758 0 0
  428 14.7102 0 0
  429 14.7446 0 0
  430 14.779 0 0
  431 14.8135 0 0
  432 14.8479 0 0
  433 14.8823 0 0
  434 14.9167 0 0
  435 14.9511 0 0
  436 14.9855 0 0
  437 15.0199 0 0
  438 15.0543 0 0
  439 15.0887 0 0
  440 15.1231 0 0
  441 15.1576 0 0
  442 15.192 0 0
  443 15.2264 0 0
  444 15.2608 0 0
  445 15.2952 0 0
  446 15.3296 0 0
  447 15.364 0 0
  448 15.3984 0 0
  449 15.4328 0 0
  450 15.4672 0 0
  451 15.5017 0 0
  452 15.5361 0 0
  453 15.5705 0 0
  454 15.6049 0 0
  455 15.6393 0 0
  456 15.6737 0 0
  457 15.7081 0 0
  458 15.7425 0 0
  459 15.7769 0 0
  460 15.8113 0 0
  461 15.8458 0 0
  462 15.8802 0 0
  463 15.9146 0 0
  464 15.949 0 0
  465 15.9834 0 0
  466 16.0178 0 0
  467 16.0522 0 0
  468 16.0866 0 0
  469 16.121 0 0
  470 16.1554 0 0
  471 16.1899 0 0
  472 16.2243 0 0
  473 16.2587 0 0
  474 16.2931 0 0
  475 16.3275 0 0
  476 16.3619 0 0
  477 16.3963 0 0
  478 16.4307 0 0
  479 16.4651 0 0
  480 16.4995 0 0
  481 16.534 0 0
  482 16.5684 0 0
  483 16.6028 0 0
  484 16.6372 0 0
  485 16.6716 0 0
  486 16.706 0 0
  487 16.7404 0 0
  488 16.7748 0 0
  489 16.8092 0 0
  490 16.8436 0 0
  491 16.8781 0 0
  492 16.9125 0 0
  493 16.9469 0 0
  494 16.9813 0 0
  495 17.0157 0 0
  496 17.0501 0 0
  497 17.0845 0 0
  498 17.1189 0 0
  499 17.1533 0 0
  500 17.1877 0 0
  501 17.2222 0 0
  502 17.2566 0 0
  503 17.291 0 0
  504 17.3254 0 0
  505 17.3598 0 0
  506 17.3942 0 0
  507 17.4286 0 0
  508 17.463 0 0
  509 17.4974 0 0
  510 17.5318 0 0
  511 17.5663 0 0
  512 17.6007 0 0
  513 17.6351 0 0
  514 17.6695 0 0
  515 17.7039 0 0
  516 17.7383 0 0
  517 17.7727 0 0
  518 17.8071 0 0
  519 17.8415 0 0
  520 17.8759 0 0
  521 17.9103 0 0
  522 17.9448 0 0
  523 17.9792 0 0
  524 18.0136 0 0
  525 18.048 0 0
  526 18.0824 0 0
  527 18.1168 0 0
  528 18.1512 0 0
  529 18.1856 0 0
  530 18.22 0 0
  531 18.2544 0 0
  532 18.2889 0 0
  533 18.3233 0 0
  534 18.3577 0 0
  535 18.3921 0 0
  536 18.4265 0 0
  537 18.4609 0 0
  538 18.4953 0 0
  539 18.5297 0 0
  540 18.5641 0 0
  541 18.5985 0 0
  542 18.633 0 0
  543 18.6674 0 0
  544 18.7018 0 0
  545 18.7362 0 0
  546 18.7706 0 0
  547 18.805 0 0
  548 18.8394 0 0
  549 18.8738 0 0
  550 18.9082 0 0
  551 18.9426 0 0
  552 18.9771 0 0
  553 19.0115 0 0
  554 19.0459 0 0
  555 19.0803 0 0
  556 19.1147 0 0
  557 19.1491 0 0
  558 19.1835 0 0
  559 19.2179 0 0
  560 19.2523 0 0
  561 19.2867 0 0
  562 19.3212 0 0
  563 19.3556 0 0
  564 19.39 0 0
  565 19.4244 0 0
  566 19.4588 0 0
  567 19.4932 0 0
  568 19.5276 0 0
  569 19.562 0 0
  570 19.5964 0 0
  571 19.6308 0 0
  572 19.6653 0 0
  573 19.6997 0 0
  574 19.7341 0 0
  575 19.7685 0 0
  576 19.8029 0 0
  577 19.8373 0 0
  578 19.8717 0 0
  579 19.9061 0 0
  580 19.9405 0 0
  581 19.9749 0 0
  582 20.0094 0 0
  583 20.0438 0 0
  584 20.0782 0 0
  585 20.1126 0 0
  586 20.147 0 0
  587 20.1814 0 0
  588 20.2158 0 0
  589 20.2502 0 0
  590 20.2846 0 0
  591 20.319 0 0
  592 20.3535 0 0
  593 20.3879 0 0
  594 20.4223 0 0
  595 20.4567 0 0
  596 20.4911 0 0
  597 20.5255 0 0
  598 20.5599 0 0
  599 20.5943 0 0
  600 20.6287 0 0
  601 20.6631 0 0
  602 20.6976 0 0
  603 20.732 0 0
  604 20.7664 0 0
  605 20.8008 0 0
  606 20.8352 0 0
  607 20.8696 0 0
  608 20.904 0 0
  609 20.9384 0 0
  610 20.9728 0 0
  611 21.0072 0 0
  612 21.0417 0 0
  613 21.0761 0 0
  614 21.1105 0 0
  615 21.1449 0 0
  616 21.1793 0 0
  617 21.2137 0 0
  618 21.2481 0 0
  619 21.2825 0 0
  620 21.3169 0 0
  621 21.3513 0 0
  622 21.3857 0 0
  623 21.4202 0 0
  624 21.4546 0 0
  625 21.489 0 0
  626 21.5234 0 0
  627 21.5578 0 0
  628 21.5922 0 0
  629 21.6266 0 0
  630 21.661 0 0
  631 21.6954 0 0
  632 21.7298 0 0
  633 21.7643 0 0
  634 21.7987 0 0
  635 21.8331 0 0
  636 21.8675 0 0
  637 21.9019 0 0
  638 21.9363 0 0
  639 21.9707 0 0
  640 22.0051 0 0
  641 22.0395 0 0
  642 22.0739 0 0
  643 22.1084 0 0
  644 22.1428 0 0
  645 22.1772 0 0
  646 22.2116 0 0
  647 22.246 0 0
  648 22.2804 0 0
  649 22.3148 0 0
  650 22.3492 0 0
  651 22.3836 0 0
  652 22.418 0 0
  653 22.4525 0 0
  654 22.4869 0 0
  655 22.5213 0 0
  656 22.5557 0 0
  657 22.5901 0 0
  658 22.6245 0 0
  659 22.6589 0 0
  660 22.6933 0 0
  661 22.7277 0 0
  662 22.7621 0 0
  663 22.7966 0 0
  664 22.831 0 0
  665 22.8654 0 0
  666 22.8998 0 0
  667 22.9342 0 0
  668 22.9686 0 0
  669 23.003 0 0
  670 23.0374 0 0
  671 23.0718 0 0
  672 23.1062 0 0
  673 23.1407 0 0
  674 23.1751 0 0
  675 23.2095 0 0
  676 23.2439 0 0
  677 23.2783 0 0
  678 23.3127 0 0
  679 23.3471 0 0
  680 23.3815 0 0
  681 23.4159 0 0
  682 23.4503 0 0
  683 23.4848 0 0
  684 23.5192 0 0
  685 23.5536 0 0
  686 23.588 0 0
  687 23.6224 0 0
  688 23.6568 0 0
  689 23.6912 0 0
  690 23.7256 0 0
  691 23.76 0 0
  692 23.7944 0 0
  693 23.8289 0 0
  694 23.8633 0 0
  695 23.8977 0 0
  696 23.9321 0 0
  697 23.9665 0 0
  698 24.0009 0 0
  699 24.0353 0 0
  700 24.0697 0 0
  701 24.1041 0 0
  702 24.1385 0 0
  703 24.173 0 0
  704 24.2074 0 0
  705 24.2418 0 0
  706 24.2762 0 0
  707 24.3106 0 0
  708 24.345 0 0
  709 24.3794 0 0
  710 24.4138 0 0
  711 24.4482 0 0
  712 24.4826 0 0
  713 24.517 0 0
  714 24.5515 0 0
  715 24.5859 0 0
  716 24.6203 0 0
  717 24.6547 0 0
  718 24.6891 0 0
  719 24.7235 0 0
  720 24.7579 0 0
  721 24.7923 0 0
  722 24.8267 0 0
  723 24.8611 0 0
  724 24.8956 0 0
  725 24.93 0 0
  726 24.9644 0 0
  727 24.9988 0 0
  728 25.0332 0 0
  729 25.0676 0 0
  730 25.102 0 0
  731 25.1364 0 0
  732 25.1708 0 0
  733 25.2052 0 0
  734 25.2397 0 0
  735 25.2741 0 0
  736 25.3085 0 0
  737 25.3429 0 0
  738 25.3773 0 0
  739 25.4117 0 0
  740 25.4461 0 0
  741 25.4805 0 0
  742 25.5149 0 0
  743 25.5493 0 0
  744 25.5838 0 0
  745 25.6182 0 0
  746 25.6526 0 0
  747 25.687 0 0
  748 25.7214 0 0
  749 25.7558 0 0
  750 25.7902 0 0
  751 25.8246 0 0
  752 25.859 0 0
  753 25.8934 0 0
  754 25.9279 0 0
  755 25.9623 0 0
  756 25.9967 0 0
  757 26.0311 0 0
  758 26.0655 0 0
  759 26.0999 0 0
  760 26.1343 0 0
  761 26.1687 0 0
  762 26.2031 0 0
  763 26.2375 0 0
  764 26.272 0 0
  765 26.3064 0 0
  766 26.3408 0 0
  767 26.3752 0 0
  768 26.4096 0 0
  769 26.444 0 0
  770 26.4784 0 0
  771 26.5128 0 0
  772 26.5472 0 0
  773 26.5816 0 0
  774 26.6161 0 0
  775 26.6505 0 0
  776 26.6849 0 0
  777 26.7193 0 0
  778 26.7537 0 0
  779 26.7881 0 0
  780 26.8225 0 0
  781 26.8569 0 0
  782 26.8913 0 0
  783 26.9257 0 0
  784 26.9602 0 0
  785 26.9946 0 0
  786 27.029 0 0
  787 27.0634 0 0
  788 27.0978 0 0
  789 27.1322 0 0
  790 27.1666 0 0
  791 27.201 0 0
  792 27.2354 0 0
  793 27.2698 0 0
  794 27.3043 0 0
  795 27.3387 0 0
  796 27.3731 0 0
  797 27.4075 0 0
  798 27.4419 0 0
  799 27.4763 0 0
  800 27.5107 0 0
  801 27.5451 0 0
  802 27.5795 0 0
  803 27.6139 0 0
  804 27.6484 0 0
  805 27.6828 0 0
  806 27.7172 0 0
  807 27.7516 0 0
  808 27.786 0 0
  809 27.8204 0 0
  810 27.8548 0 0
  811 27.8892 0 0
  812 27.9236 0 0
  813 27.958 0 0
  814 27.9924 0 0
  815 28.0269 0 0
  816 28.0613 0 0
  817 28.0957 0 0
  818 28.1301 0 0
  819 28.1645 0 0
  820 28.1989 0 0
  821 28.2333 0 0
  822 28.2677 0 0
  823 28.3021 0 0
  824 28.3365 0 0
  825 28.371 0 0
  826 28.4054 0 0
  827 28.4398 0 0
  828 28.4742 0 0
  829 28.5086 0 0
  830 28.543 0 0
  831 28.5774 0 0
  832 28.6118 0 0
  833 28.6462 0 0
  834 28.6806 0 0
  835 28.7151 0 0
  836 28.7495 0 0
  837 28.7839 0 0
  838 28.8183 0 0
  839 28.8527 0 0
  840 28.8871 0 0
  841 28.9215 0 0
  842 28.9559 0 0
  843 28.9903 0 0
  844 29.0247 0 0
  845 29.0592 0 0
  846 29.0936 0 0
  847 29.128 0 0
  848 29.1624 0 0
  849 29.1968 0 0
  850 29.2312 0 0
  851 29.2656 0 0
  852 29.3 0 0
  853 29.3344 0 0
  854 29.3688 0 0
  855 29.4033 0 0
  856 29.4377 0 0
  857 29.4721 0 0
  858 29.5065 0 0
  859 29.5409 0 0
  860 29.5753 0 0
  861 29.6097 0 0
  862 29.6441 0 0
  863 29.6785 0 0
  864 29.7129 0 0
  865 29.7474 0 0
  866 29.7818 0 0
  867 29.8162 0 0
  868 29.8506 0 0
  869 29.885 0 0
  870 29.9194 0 0
  871 29.9538 0 0
  872 29.9882 0 0
  873 30.0226 0 0
  874 30.057 0 0
  875 30.0915 0 0
  876 30.1259 0 0
  877 30.1603 0 0
  878 30.1947 0 0
  879 30.2291 0 0
  880 30.2635 0 0
  881 30.2979 0 0
  882 30.3323 0 0
  883 30.3667 0 0
  884 30.4011 0 0
  885 30.4356 0 0
  886 30.47 0 0
  887 30.5044 0 0
  888 30.5388 0 0
  889 30.5732 0 0
  890 30.6076 0 0
  891 30.642 0 0
  892 30.6764 0 0
  893 30.7108 0 0
  894 30.7452 0 0
  895 30.7797 0 0
  896 30.8141 0 0
  897 30.8485 0 0
  898 30.8829 0 0
  899 30.9173 0 0
  900 30.9517 0 0
  901 30.9861 0 0
  902 31.0205 0 0
  903 31.0549 0 0
  904 31.0893 0 0
  905 31.1237 0 0
  906 31.1582 0 0
  907 31.1926 0 0
  908 31.227 0 0
  909 31.2614 0 0
  910 31.2958 0 0
  911 31.3302 0 0
  912 31.3646 0 0
  913 31.399 0 0
  914 31.4334 0 0
  915 31.4678 0 0
  916 31.5023 0 0
  917 31.5367 0 0
  918 31.5711 0 0
  919 31.6055 0 0
  920 31.6399 0 0
  921 31.6743 0 0
  922 31.7087 0 0
  923 31.7431 0 0
  924 31.7775 0 0
  925 31.8119 0 0
  926 31.8464 0 0
  927 31.8808 0 0
  928 31.9152 0 0
  929 31.9496 0 0
  930 31.984 0 0
  931 32.0184 0 0
  932 32.0528 0 0
  933 32.0872 0 0
  934 32.1216 0 0
  935 32.156 0 0
  936 32.1905 0 0
  937 32.2249 0 0
  938 32.2593 0 0
  939 32.2937 0 0
  940 32.3281 0 0
  941 32.3625 0 0
  942 32.3969 0 0
  943 32.4313 0 0
  944 32.4657 0 0
  945 32.5001 0 0
  946 32.5346 0 0
  947 32.569 0 0
  948 32.6034 0 0
  949 32.6378 0 0
  950 32.6722 0 0
  951 32.7066 0 0
  952 32.741 0 0
  953 32.7754 0 0
  954 32.8098 0 0
  955 32.8442 0 0
  956 32.8787 0 0
  957 32.9131 0 0
  958 32.9475 0 0
  959 32.9819 0 0
  960 33.0163 0 0
  961 33.0507 0 0
  962 33.0851 0 0
  963 33.1195 0 0
  964 33.1539 0 0
  965 33.1883 0 0
  966 33.2228 0 0
  967 33.2572 0 0
  968 33.2916 0 0
  969 33.326 0 0
  970 33.3604 0 0
  971 33.3948 0 0
  972 33.4292 0 0
  973 33.4636 0 0
  974 33.498 0 0
  975 33.5324 0 0
  976 33.5669 0 0
  977 33.6013 0 0
  978 33.6357 0 0
  979 33.6701 0 0
  980 33.7045 0 0
  981 33.7389 0 0
  982 33.7733 0 0
  983 33.8077 0 0
  984 33.8421 0 0
  985 33.8765 0 0
  986 33.911 0 0
  987 33.9454 0 0
  988 33.9798 0 0
  989 34.0142 0 0
  990 34.0486 0 0
  991 34.083 0 0
  992 34.1174 0 0
  993 34.1518 0 0
  994 34.1862 0 0
  995 34.2206 0 0
  996 34.255 0 0
  997 34.2895 0 0
  998 34.3239 0 0
  999 34.3583 0 0
  1000 34.3927 0 0
