# Chunk-averaged data for fix vel_prof_x_s and group vy
# Timestep Number-of-chunks Total-count
# Chunk Coord1 Ncount vx vy
16000 1000 9376
  1 0.0172049 722 -0.025 0
  2 0.0516148 0 0 0
  3 0.0860247 0 0 0
  4 0.120435 0 0 0
  5 0.154845 0 0 0
  6 0.189254 0 0 0
  7 0.223664 0 0 0
  8 0.258074 0 0 0
  9 0.292484 0 0 0
  10 0.326894 0 0 0
  11 0.361304 0 0 0
  12 0.395714 0 0 0
  13 0.430124 0 0 0
  14 0.464534 0 0 0
  15 0.498943 0 0 0
  16 0.533353 0 0 0
  17 0.567763 0 0 0
  18 0.602173 0 0 0
  19 0.636583 0 0 0
  20 0.670993 0 0 0
  21 0.705403 0.025 0.161788 -0.251939
  22 0.739813 3.95 -0.107039 -0.0273734
  23 0.774223 285.025 -0.0453284 -0.00737047
  24 0.808633 382.825 -0.0350384 0.00493063
  25 0.843042 48.625 -0.0159276 0.0054496
  26 0.877452 1.55 0.0419752 -0.0878182
  27 0.911862 0 0 0
  28 0.946272 0 0 0
  29 0.980682 0 0 0
  30 1.01509 0 0 0
  31 1.0495 0 0 0
  32 1.08391 0 0 0
  33 1.11832 0 0 0
  34 1.15273 0 0 0
  35 1.18714 0 0 0
  36 1.22155 0 0 0
  37 1.25596 0 0 0
  38 1.29037 0 0 0
  39 1.32478 0 0 0
  40 1.35919 0 0 0
  41 1.3936 0 0 0
  42 1.42801 0 0 0
  43 1.46242 0 0 0
  44 1.49683 0.075 0.957595 1.31709
  45 1.53124 9.775 -0.0743291 -0.0264945
  46 1.56565 230.375 -0.0489709 0.0078814
  47 1.60006 370.5 -0.0301146 -0.00306879
  48 1.63447 100.225 -0.00135568 -0.00345098
  49 1.66888 10.575 -0.0135588 0.0177761
  50 1.70329 0.475 0.179573 -0.105151
  51 1.7377 0 0 0
  52 1.77211 0 0 0
  53 1.80652 0 0 0
  54 1.84093 0 0 0
  55 1.87534 0 0 0
  56 1.90975 0 0 0
  57 1.94416 0 0 0
  58 1.97857 0 0 0
  59 2.01298 0 0 0
  60 2.04739 0 0 0
  61 2.0818 0 0 0
  62 2.11621 0 0 0
  63 2.15062 0 0 0
  64 2.18503 0 0 0
  65 2.21944 0 0 0
  66 2.25385 0.05 -0.115902 0.0315763
  67 2.28826 0.95 -0.143961 0.340722
  68 2.32267 26.325 0.0478037 -0.0650389
  69 2.35708 190.8 -0.0130087 -0.0105459
  70 2.39149 318.35 -0.0118011 0.00607013
  71 2.4259 149.25 -0.0256171 0.00223618
  72 2.46031 32.65 -0.00951251 0.0382799
  73 2.49472 4.125 -0.048151 0.0537986
  74 2.52913 0.5 -0.510359 -0.00726186
  75 2.56354 0.55 0.28557 -0.0448734
  76 2.59795 0.9 -0.320714 -0.247883
  77 2.63236 1.5 -0.0727462 -0.15101
  78 2.66677 1.9 0.122033 -0.337105
  79 2.70118 2.75 -0.145062 -0.167053
  80 2.73559 4.325 -0.216165 -0.0086663
  81 2.77 4.6 -0.0503142 0.0345832
  82 2.80441 5.5 -0.0819084 -0.0319879
  83 2.83882 5.625 0.0513958 0.0306568
  84 2.87323 6.55 -0.111714 -0.142974
  85 2.90764 5.925 0.014151 -0.0160781
  86 2.94205 5.65 -0.035475 -0.119661
  87 2.97646 4.75 -0.109199 -0.00720129
  88 3.01087 3.3 0.0170745 -0.00569498
  89 3.04528 2.6 -0.0556989 0.180852
  90 3.07969 2.45 -0.187638 -0.16449
  91 3.1141 3.4 0.019589 -0.0983395
  92 3.14851 4.2 0.0719657 -0.0580515
  93 3.18292 6 -0.144881 -0.0319465
  94 3.21733 8.675 0.0591897 -0.0301138
  95 3.25174 12.775 -0.0998131 0.047144
  96 3.28614 14.425 -0.0124943 0.0426195
  97 3.32055 16.5 -0.0687181 -0.00489313
  98 3.35496 18.6 -0.0924086 0.00940016
  99 3.38937 19.575 -0.0100398 0.0820752
  100 3.42378 18.85 -0.0313547 0.0143617
  101 3.45819 17.85 0.0252321 0.073199
  102 3.4926 16.55 0.0504833 -0.0764173
  103 3.52701 14.65 0.0123622 0.0690651
  104 3.56142 13.65 0.0743256 -0.0223414
  105 3.59583 13.95 -0.0071754 0.0444863
  106 3.63024 12.575 0.0723105 0.0613759
  107 3.66465 13.625 0.00425899 0.133046
  108 3.69906 13.025 0.0122998 -0.0628619
  109 3.73347 14.225 -0.0119351 -0.0187339
  110 3.76788 13.3 -0.0700649 0.0469481
  111 3.80229 14.6 0.0526347 -0.0518347
  112 3.8367 13.55 0.0271852 0.0548026
  113 3.87111 13.4 -0.0346203 0.05013
  114 3.90552 13.925 0.0189898 -0.0148798
  115 3.93993 13.4 -0.0545545 0.0247076
  116 3.97434 12.725 -0.00242067 0.0521481
  117 4.00875 13.3 0.0350341 0.069926
  118 4.04316 12.75 0.0829603 -0.0670775
  119 4.07757 13.65 -0.0652573 0.121743
  120 4.11198 13.575 0.0339157 -0.0302285
  121 4.14639 12.8 -0.0802541 0.054151
  122 4.1808 14 -0.0250082 -0.0322608
  123 4.21521 13.675 0.0434389 0.101337
  124 4.24962 14.65 -0.0758587 0.0293112
  125 4.28403 14.65 -0.0267018 0.213618
  126 4.31844 14.675 0.00381152 -0.00178575
  127 4.35285 16.15 0.0513959 0.13642
  128 4.38726 16.5 -0.0501287 -0.0155333
  129 4.42167 14.275 0.0539933 0.0093581
  130 4.45608 16.625 -0.1229 0.0201286
  131 4.49049 15.8 -0.00303089 0.0260003
  132 4.5249 16.45 0.0640311 0.0665712
  133 4.55931 14.8 -0.0579161 0.0652503
  134 4.59372 13.625 -0.141601 0.0679116
  135 4.62813 14.9 -0.110029 0.0763135
  136 4.66254 14.1 0.0461297 0.0753898
  137 4.69695 13.475 -0.0206612 -0.0386029
  138 4.73136 14.025 0.0139744 0.0437114
  139 4.76577 13.425 0.0499961 0.0802888
  140 4.80018 13.2 -0.0396683 0.00310737
  141 4.83459 14.75 -0.0459038 -0.0290463
  142 4.869 13.775 0.0183858 -0.0532973
  143 4.90341 15.075 -0.0437209 -0.045676
  144 4.93782 13.475 0.024001 0.0264344
  145 4.97223 13.875 0.0280571 0.0166483
  146 5.00664 13.725 -0.019746 0.0399439
  147 5.04105 13.275 0.00673084 0.108067
  148 5.07546 13.175 -0.00351657 -0.0379107
  149 5.10987 13.8 0.0420144 0.0889097
  150 5.14428 14.375 0.0069169 -0.03003
  151 5.17869 14.575 0.056756 0.142844
  152 5.2131 14.85 -0.037015 -0.00153612
  153 5.24751 14.5 -0.0664941 -0.0583397
  154 5.28192 13.3 -0.0853969 -0.0787571
  155 5.31633 14.9 0.00731457 0.0477798
  156 5.35074 16.325 0.010992 -0.0459613
  157 5.38515 15.15 -0.0387357 0.0390295
  158 5.41956 16.2 0.0297554 -0.00511098
  159 5.45397 16.875 -0.0348628 0.0805343
  160 5.48838 16.175 -0.0263344 0.0297568
  161 5.52279 16.875 0.00738098 0.0324341
  162 5.5572 15.575 0.0580317 0.0990955
  163 5.59161 14.575 0.0454495 -0.0445428
  164 5.62602 14.3 -0.0607725 -0.0119335
  165 5.66043 13.675 0.0288404 -0.0401204
  166 5.69484 12.75 0.112987 0.0242947
  167 5.72925 14.325 0.0476389 0.080075
  168 5.76366 13.3 -0.0379023 -0.081669
  169 5.79807 12.9 -0.117695 0.0703467
  170 5.83248 14.825 -0.0625497 0.026303
  171 5.86689 12.625 -0.0246488 0.15105
  172 5.9013 13.5 0.0623784 0.0942003
  173 5.93571 14.55 0.0491027 0.0685848
  174 5.97012 13.375 0.0677723 0.00157758
  175 6.00453 13.575 -0.0111027 -0.0320669
  176 6.03894 14.75 -0.0167186 0.073201
  177 6.07335 13.425 -0.0118063 0.0310736
  178 6.10776 13.2 0.00292467 0.0765271
  179 6.14217 12.95 0.0422098 0.0717761
  180 6.17658 12.55 -0.0931041 0.0194579
  181 6.21099 11.65 0.041077 -0.040968
  182 6.2454 11.025 -0.042703 -0.00562645
  183 6.27981 11.575 0.0944995 0.0607117
  184 6.31422 12.425 -0.0340544 0.0392495
  185 6.34863 11.75 -0.0309085 0.00729638
  186 6.38304 13.75 0.0370091 -0.11224
  187 6.41745 18.75 0.0288026 0.0299931
  188 6.45186 25.575 0.0418482 0.013457
  189 6.48627 20.525 0.0466684 -0.0216921
  190 6.52067 13.95 -0.00811054 -0.0343123
  191 6.55508 12.55 -0.111902 -0.04695
  192 6.58949 11.675 0.00267093 0.0866175
  193 6.6239 11.35 -0.0710377 -0.0023154
  194 6.65831 12.3 -0.0211181 0.0128514
  195 6.69272 12.625 -0.0889821 -0.0621332
  196 6.72713 11.15 -0.0807444 0.108939
  197 6.76154 12.4 0.0254911 0.0458366
  198 6.79595 11.175 0.0208192 0.0671428
  199 6.83036 12.25 0.0169591 -0.112924
  200 6.86477 11.775 0.0297071 0.0133868
  201 6.89918 11.35 -0.0563922 0.0212218
  202 6.93359 11.9 0.0242568 0.0718492
  203 6.968 13.4 -0.059223 0.0314097
  204 7.00241 16.675 0.00388829 -0.0514432
  205 7.03682 17.95 0.0766777 0.0821768
  206 7.07123 16.1 0.0140144 -0.00254719
  207 7.10564 17.5 0.0511279 -0.0913837
  208 7.14005 19.45 -0.0275829 0.00131828
  209 7.17446 13.675 -0.0369093 -0.0989705
  210 7.20887 17.225 0.0170699 -0.00888222
  211 7.24328 28.275 -0.0105856 -0.0206635
  212 7.27769 22 -0.0415205 0.0259573
  213 7.3121 11.425 0.0920373 0.115253
  214 7.34651 10.6 0.0479166 0.0601128
  215 7.38092 10.425 -0.0107791 0.0409354
  216 7.41533 10.9 0.0576031 -0.0443405
  217 7.44974 11.25 0.0265754 0.0231332
  218 7.48415 11.375 0.00556759 0.100175
  219 7.51856 10.725 0.0411234 -0.0184314
  220 7.55297 9.9 0.0345839 -0.0365877
  221 7.58738 9.875 -0.0507322 0.0779016
  222 7.62179 10.125 -0.0624201 -0.0221436
  223 7.6562 11.55 0.00982742 0.0156181
  224 7.69061 11 -0.0197979 0.00428952
  225 7.72502 11.3 -0.0497184 -0.0306461
  226 7.75943 15.375 0.0777085 0.00518711
  227 7.79384 23.1 0.0409566 -0.002537
  228 7.82825 26.525 -0.0110424 -0.0300219
  229 7.86266 13.675 0.0300081 0.0981757
  230 7.89707 15.95 0.0116431 -0.0652239
  231 7.93148 19.85 0.0196802 -0.0966177
  232 7.96589 13.275 0.0168996 0.0917162
  233 8.0003 14.4 0.0245326 -0.0169776
  234 8.03471 30.45 0.0198142 -0.0407954
  235 8.06912 25.825 -0.00470469 0.0228716
  236 8.10353 19.925 0.0135489 0.0700646
  237 8.13794 16.375 -0.0290976 -0.0453898
  238 8.17235 12.225 0.0344509 -0.018795
  239 8.20676 9.95 -0.124557 -0.028426
  240 8.24117 9.725 -0.0836451 0.0356904
  241 8.27558 9.75 0.12541 -0.0138163
  242 8.30999 9.4 -0.0260879 -0.102753
  243 8.3444 9.55 -0.053354 -0.0416957
  244 8.37881 9.375 0.00886089 -0.0114376
  245 8.41322 9.425 0.0848866 -0.109944
  246 8.44763 9.925 -0.112128 -0.0391108
  247 8.48204 9.35 0.0144038 -0.00211191
  248 8.51645 9.375 -0.0573923 -0.0299218
  249 8.55086 11.675 0.0697342 0.115618
  250 8.58527 22.425 0.0549153 0.0278895
  251 8.61968 34.525 0.0178039 0.0318394
  252 8.65409 19 0.0280338 0.0300874
  253 8.6885 16.325 -0.0364461 -0.0236631
  254 8.72291 21.825 -0.0202369 0.0649992
  255 8.75732 9.65 0.048672 0.0435268
  256 8.79173 9.125 0.0910864 -0.011907
  257 8.82614 27.25 0.00983494 -0.0435212
  258 8.86055 29.225 0.0202831 -0.0388294
  259 8.89496 18.775 0.0210819 0.0219153
  260 8.92937 16.6 -0.0505998 -0.0266677
  261 8.96378 9.225 0.0716305 0.0125927
  262 8.99819 9.15 0.144284 0.00403192
  263 9.0326 9.15 0.00559463 -0.0788809
  264 9.06701 9.35 0.104375 -0.0753043
  265 9.10142 11.075 0.0522446 -0.00659482
  266 9.13583 15.125 -0.0435459 0.0514096
  267 9.17024 17.975 0.0236976 0.0056906
  268 9.20465 12.025 0.0796435 -0.00732468
  269 9.23906 9.45 -0.0705256 0.0355963
  270 9.27347 8.925 0.0942012 0.0717914
  271 9.30788 8.725 -0.00574033 0.0152688
  272 9.34229 9.825 -0.00457722 0.0154322
  273 9.3767 15 0.0183249 -0.0711854
  274 9.41111 43.725 0.028046 0.00940035
  275 9.44552 23.475 -0.00734416 -0.0182791
  276 9.47993 18.825 -0.00101555 0.0193406
  277 9.51434 29.9 0.0473813 -0.0295425
  278 9.54875 8.475 0.0561636 0.0892945
  279 9.58316 8.325 -0.0160032 -0.0404845
  280 9.61757 7.65 0.053026 -0.0553571
  281 9.65198 8.825 -0.0200552 -0.0351276
  282 9.68639 16.35 0.0837082 -0.0206177
  283 9.7208 17.975 -0.0931644 0.0153579
  284 9.75521 8.7 0.00394564 0.0595668
  285 9.78961 7.925 0.0831165 0.0308201
  286 9.82402 8.525 0.0676874 0.0516305
  287 9.85843 8.325 0.0157004 -0.044557
  288 9.89284 8.4 0.123861 -0.0377765
  289 9.92725 12.625 0.00231652 0.0551593
  290 9.96166 19.15 -0.018977 0.0147123
  291 9.99607 10.375 -0.00367485 0.0036017
  292 10.0305 8.5 0.0611824 0.0554081
  293 10.0649 8.85 0.0237081 -0.0219986
  294 10.0993 7.575 0.0752136 0.106791
  295 10.1337 7.875 0.0839713 0.134919
  296 10.1681 9.5 0.0896653 0.0765508
  297 10.2025 34.75 -0.0185513 0.00383209
  298 10.2369 35.7 0.0241893 -0.00816601
  299 10.2714 33.5 0.00415946 0.0276557
  300 10.3058 17.7 0.0158365 -0.0195017
  301 10.3402 8.925 0.0981666 -0.0441583
  302 10.3746 7.675 -0.0948536 0.0494343
  303 10.409 7.65 0.00695238 0.0670811
  304 10.4434 7.575 0.0750732 0.0524219
  305 10.4778 7.85 0.0119867 0.00198421
  306 10.5122 26.025 0.0912171 0.025129
  307 10.5466 7.475 0.0580663 0.0183114
  308 10.581 7.7 0.0247255 -0.0313945
  309 10.6155 7.725 0.100513 0.00837242
  310 10.6499 8.325 0.0732072 0.107992
  311 10.6843 8.45 -0.0833317 -0.118065
  312 10.7187 11 0.0767292 -0.058592
  313 10.7531 20 -0.0117355 -0.0164158
  314 10.7875 10.3 0.122758 -0.0266105
  315 10.8219 8.025 -0.079673 0.110598
  316 10.8563 7.35 0.0540351 0.0510792
  317 10.8907 7.1 0.0268895 -0.0929192
  318 10.9251 8.6 0.0616929 -0.0319444
  319 10.9596 8.975 0.156971 0.0775861
  320 10.994 15.025 0.00525211 -0.0665397
  321 11.0284 47.025 0.0504412 -0.0115185
  322 11.0628 38.55 0.0199633 -0.0170282
  323 11.0972 19.05 0.00139898 -0.03058
  324 11.1316 8.325 -0.0848812 -0.0534108
  325 11.166 8.275 -0.0466694 0.0686558
  326 11.2004 8.65 0.0775143 0.000278127
  327 11.2348 8.725 0.0327791 -0.0272461
  328 11.2692 9.25 -0.0444534 0.0169907
  329 11.3037 15.525 -0.0159047 -0.0425316
  330 11.3381 15.225 0.00638605 0.0263502
  331 11.3725 9.425 -0.00278001 -0.0601839
  332 11.4069 7.85 -0.0222116 0.0331883
  333 11.4413 8.9 0.0131356 -0.0147661
  334 11.4757 7.925 -0.00729276 0.174157
  335 11.5101 8.2 0.0807193 0.0163454
  336 11.5445 25.675 0.028525 0.0112653
  337 11.5789 8.325 0.0915455 0.017678
  338 11.6133 7.025 0.0965323 0.130759
  339 11.6477 7.625 0.101632 -0.104509
  340 11.6822 9.85 0.0501895 0.0307009
  341 11.7166 14.15 0.0189735 -0.00604285
  342 11.751 14.275 0.0851411 0.00938301
  343 11.7854 14.125 0.0857968 -0.0275272
  344 11.8198 30.2 0.00353305 -0.000349579
  345 11.8542 46.05 0.0101569 0.0159549
  346 11.8886 16.5 -0.0115637 -0.0641374
  347 11.923 8.275 0.0822612 0.0657466
  348 11.9574 8.6 0.053661 0.00811445
  349 11.9918 8.425 0.0368 0.0298421
  350 12.0263 7.75 -0.0487162 -0.00895896
  351 12.0607 9.125 -0.0725113 0.0198293
  352 12.0951 14.65 0.0828091 -0.000321893
  353 12.1295 18.775 -0.0176584 0.0558183
  354 12.1639 9.15 0.0202664 -0.0328951
  355 12.1983 7.9 0.0590822 -0.00828639
  356 12.2327 7.025 -0.00521475 0.0445586
  357 12.2671 6.825 0.0716669 0.0153203
  358 12.3015 8.325 0.0417345 0.00428417
  359 12.3359 11.05 0.0386386 -0.0857761
  360 12.3704 18.675 0.0161658 0.0159928
  361 12.4048 24.725 0.00426839 -0.0055375
  362 12.4392 14.2 -0.00214397 -0.0461945
  363 12.4736 8.65 0.0411709 -0.00382704
  364 12.508 14.175 0.0745247 -0.0371022
  365 12.5424 17.75 0.0261148 0.0173011
  366 12.5768 10.825 -0.0404311 0.0812328
  367 12.6112 35.175 0.016997 -0.0072377
  368 12.6456 16.05 -0.0334928 0.0956906
  369 12.68 25.35 0.022685 0.0165319
  370 12.7145 7.025 0.059699 -0.0612989
  371 12.7489 7.125 0.123172 0.0585448
  372 12.7833 7.975 0.160234 0.0214912
  373 12.8177 7.575 0.111555 0.0393359
  374 12.8521 8.5 0.131826 -0.0128301
  375 12.8865 11.85 -0.0216357 0.078417
  376 12.9209 20.55 0.0654012 0.0444508
  377 12.9553 13.05 0.064539 -0.0860323
  378 12.9897 15.425 0.0541335 -0.00448122
  379 13.0241 12.375 0.0595333 0.03962
  380 13.0586 7.65 -0.0320451 0.0366992
  381 13.093 8.35 -0.0672857 0.104151
  382 13.1274 10.025 0.027601 -0.0145754
  383 13.1618 16.675 0.0524437 0.0288982
  384 13.1962 27.625 0.01997 0.0140408
  385 13.2306 13.025 0.0608554 -0.0208546
  386 13.265 8.45 0.00394957 0.088902
  387 13.2994 11.575 0.0583638 -0.0181035
  388 13.3338 19.625 0.030486 -0.00927804
  389 13.3682 9.35 0.0894861 -0.00903666
  390 13.4027 8.5 0.0174465 0.149556
  391 13.4371 30.4 0.0249095 -0.00912377
  392 13.4715 18.725 -0.0538737 0.034208
  393 13.5059 16.45 0.0367701 0.0051188
  394 13.5403 15.875 0.0845559 0.0458861
  395 13.5747 11.125 0.0719722 -0.0588093
  396 13.6091 7.95 0.156998 0.0199493
  397 13.6435 7.7 0.11102 -0.0593598
  398 13.6779 7.625 -0.0285067 0.0510804
  399 13.7123 26.4 0.0335684 -0.00444628
  400 13.7468 10.575 0.04755 0.0480863
  401 13.7812 17.075 -0.0384686 -0.0413033
  402 13.8156 11.925 0.0495103 -0.0158516
  403 13.85 7.275 -0.0318594 -0.00116412
  404 13.8844 6.2 -0.0422265 0.0077101
  405 13.9188 7.5 -0.00487238 -0.0694811
  406 13.9532 13.55 0.100228 -0.0604024
  407 13.9876 33 0.0306965 -0.0145509
  408 14.022 19.9 -0.0257691 -0.078697
  409 14.0564 14.325 0.0558006 0.0744896
  410 14.0909 8.875 -0.0415641 -0.0993164
  411 14.1253 24.85 0.0219713 -0.0311775
  412 14.1597 6.925 -0.0188182 0.0841086
  413 14.1941 6.6 0.128818 -0.0776311
  414 14.2285 9.05 0.0119941 -0.108768
  415 14.2629 18.225 0.0510401 -0.0785035
  416 14.2973 14.95 0.028466 0.0271887
  417 14.3317 16.85 0.0181077 -0.0195644
  418 14.3661 9.65 0.0899078 -0.00261177
  419 14.4005 6.625 0.0563464 -0.0353599
  420 14.435 9.05 0.0395638 0.0608472
  421 14.4694 15.325 0.0204917 -0.0667506
  422 14.5038 22.4 -0.0112715 -0.0365252
  423 14.5382 16 -0.0242677 -0.0437305
  424 14.5726 18.175 -0.0196035 -0.0432686
  425 14.607 11.825 0.0649025 0.00561415
  426 14.6414 6.7 0.048849 0.0618404
  427 14.6758 6.15 -0.0486048 -0.0713467
  428 14.7102 7.675 0.106617 -0.0370394
  429 14.7446 10.7 -0.0515788 0.0217851
  430 14.779 51.775 -0.000445006 0.00230844
  431 14.8135 16.65 -0.0201872 -0.00699677
  432 14.8479 15.85 -0.000285727 0.0188747
  433 14.8823 12.35 -0.0024939 0.0155586
  434 14.9167 13.3 0.00740967 -0.00310701
  435 14.9511 6.875 -0.0737067 -0.101502
  436 14.9855 5.85 -0.0425883 -0.0634113
  437 15.0199 6.975 0.0872671 0.0484229
  438 15.0543 17.9 0.0369009 0.0466714
  439 15.0887 16.275 0.00164931 0.0300821
  440 15.1231 25.2 -0.0237307 -0.0355521
  441 15.1576 11.05 0.0561373 0.0178447
  442 15.192 4.975 0.0643692 -0.00613895
  443 15.2264 10.325 -0.0359562 0.0141386
  444 15.2608 18.025 0.150368 -0.00676539
  445 15.2952 25.125 -0.0031452 0.0278186
  446 15.3296 12.45 0.0974818 -0.0679865
  447 15.364 23.2 0.0439889 -0.00935229
  448 15.3984 7.8 -0.00019729 0.0418741
  449 15.4328 9.825 0.0454331 -0.0828926
  450 15.4672 3.4 0.0966474 -0.0775159
  451 15.5017 4.2 0.0203964 -0.0465291
  452 15.5361 11.025 -0.00888507 0.113188
  453 15.5705 19.55 0.0113339 -0.000725753
  454 15.6049 12.4 0.00705908 -0.0194463
  455 15.6393 16.925 0.032298 -0.0199279
  456 15.6737 15.475 -0.0446059 -0.0352122
  457 15.7081 14.9 -0.0164238 -0.00477439
  458 15.7425 4.775 0.00105692 -0.0206128
  459 15.7769 5.7 -0.110661 -0.0399213
  460 15.8113 10.225 0.0533691 0.0325294
  461 15.8458 25.375 0.00377926 -0.0338041
  462 15.8802 13.4 0.0428615 0.0118018
  463 15.9146 34.975 0.0379869 -0.0235244
  464 15.949 5.525 -0.0181984 -0.0499458
  465 15.9834 6.75 -0.0241845 -0.0511696
  466 16.0178 16.125 0.0303135 0.0147963
  467 16.0522 25.075 0.0622861 -0.0289622
  468 16.0866 29.625 0.0416182 0.00198235
  469 16.121 16.15 0.00541154 0.0633473
  470 16.1554 12.375 0.00852352 0.003031
  471 16.1899 20.925 0.0210125 -0.00198626
  472 16.2243 18.825 0.0385825 0.0179326
  473 16.2587 13.675 0.0807996 0.058747
  474 16.2931 20.925 0.0415195 -0.0247206
  475 16.3275 30.775 0.0263208 -0.00450931
  476 16.3619 44.6 0.0390871 0.00391674
  477 16.3963 14.525 0.0614707 -0.0201188
  478 16.4307 21.6 0.0197437 0.00940528
  479 16.4651 14.25 -0.0162662 0.0237179
  480 16.4995 17.175 0.0627284 -0.0280388
  481 16.534 2.175 -0.0990672 -0.0353953
  482 16.5684 3.85 0.144956 0.0857464
  483 16.6028 10.625 0.0640631 -0.0518684
  484 16.6372 5.125 0.0116666 0.0322865
  485 16.6716 10.875 0.0952215 0.0133136
  486 16.706 19.25 0.0670277 0.0205089
  487 16.7404 4.475 -0.106821 -0.0710813
  488 16.7748 4.25 0.0227813 -0.0579978
  489 16.8092 14.525 0.0802283 -0.0669924
  490 16.8436 23.625 0.0465726 0.00196959
  491 16.8781 28.875 0.0279195 -0.00315965
  492 16.9125 20.1 0.0248398 0.0147753
  493 16.9469 9.9 -0.00809985 -0.0285286
  494 16.9813 22.35 0.0236729 -0.0203789
  495 17.0157 20.25 0.0626432 0.0139976
  496 17.0501 10.6 -0.00668662 0.0650875
  497 17.0845 21.425 0.08316 -0.035609
  498 17.1189 24.9 0.0560814 0.00429817
  499 17.1533 58.65 0.00658121 -0.00283324
  500 17.1877 10.475 -0.00909854 0.023328
  501 17.2222 1.75 -0.0528399 -0.141779
  502 17.2566 10.675 -0.00971992 0.007995
  503 17.291 24 0.0462023 -0.00275437
  504 17.3254 0.1 0.277762 0.714296
  505 17.3598 2.375 0.0688915 -0.113255
  506 17.3942 12.025 0.0341799 0.00730278
  507 17.4286 4.3 -0.0161088 -0.0243699
  508 17.463 7.2 0.10063 0.0846507
  509 17.4974 27.825 0.0465616 -0.040335
  510 17.5318 0.4 0.221104 -0.0664655
  511 17.5663 2.025 0.168472 -0.0405345
  512 17.6007 13.1 0.0225039 0.0433986
  513 17.6351 29.4 0.0370983 0.0282033
  514 17.6695 9.275 0.00969025 -0.0508331
  515 17.7039 0.9 -0.220077 0.205525
  516 17.7383 6.975 0.0753828 0.0546455
  517 17.7727 20.275 0.0217631 -0.0559888
  518 17.8071 26.35 0.0249072 0.0243383
  519 17.8415 6.55 -0.0185533 -0.0517184
  520 17.8759 21.975 0.0638136 0.0504957
  521 17.9103 18.075 -0.010453 -0.0540157
  522 17.9448 49.85 0.00530495 -0.0128825
  523 17.9792 11.625 0.084374 0.0480876
  524 18.0136 0.15 0.374374 0.393726
  525 18.048 18.05 0.025 0
  526 18.0824 0 0 0
  527 18.1168 0 0 0
  528 18.1512 0 0 0
  529 18.1856 18.05 0.025 0
  530 18.22 0 0 0
  531 18.2544 0 0 0
  532 18.2889 18.05 0.025 0
  533 18.3233 0 0 0
  534 18.3577 0 0 0
  535 18.3921 18.05 0.025 0
  536 18.4265 0 0 0
  537 18.4609 18.05 0.025 0
  538 18.4953 0 0 0
  539 18.5297 0 0 0
  540 18.5641 18.05 0.025 0
  541 18.5985 18.05 0.025 0
  542 18.633 0 0 0
  543 18.6674 36.1 0.025 0
  544 18.7018 0 0 0
  545 18.7362 36.1 0.025 0
  546 18.7706 18.05 0.025 0
  547 18.805 0 0 0
  548 18.8394 0 0 0
  549 18.8738 0 0 0
  550 18.9082 0 0 0
  551 18.9426 0 0 0
  552 18.9771 0 0 0
  553 19.0115 0 0 0
  554 19.0459 0 0 0
  555 19.0803 0 0 0
  556 19.1147 0 0 0
  557 19.1491 0 0 0
  558 19.1835 0 0 0
  559 19.2179 0 0 0
  560 19.2523 0 0 0
  561 19.2867 0 0 0
  562 19.3212 0 0 0
  563 19.3556 0 0 0
  564 19.39 0 0 0
  565 19.4244 0 0 0
  566 19.4588 0 0 0
  567 19.4932 0 0 0
  568 19.5276 0 0 0
  569 19.562 0 0 0
  570 19.5964 0 0 0
  571 19.6308 0 0 0
  572 19.6653 0 0 0
  573 19.6997 0 0 0
  574 19.7341 0 0 0
  575 19.7685 0 0 0
  576 19.8029 0 0 0
  577 19.8373 0 0 0
  578 19.8717 0 0 0
  579 19.9061 0 0 0
  580 19.9405 0 0 0
  581 19.9749 0 0 0
  582 20.0094 0 0 0
  583 20.0438 0 0 0
  584 20.0782 0 0 0
  585 20.1126 0 0 0
  586 20.147 0 0 0
  587 20.1814 0 0 0
  588 20.2158 0 0 0
  589 20.2502 0 0 0
  590 20.2846 0 0 0
  591 20.319 0 0 0
  592 20.3535 0 0 0
  593 20.3879 0 0 0
  594 20.4223 0 0 0
  595 20.4567 0 0 0
  596 20.4911 0 0 0
  597 20.5255 0 0 0
  598 20.5599 0 0 0
  599 20.5943 0 0 0
  600 20.6287 0 0 0
  601 20.6631 0 0 0
  602 20.6976 0 0 0
  603 20.732 0 0 0
  604 20.7664 0 0 0
  605 20.8008 0 0 0
  606 20.8352 0 0 0
  607 20.8696 0 0 0
  608 20.904 0 0 0
  609 20.9384 0 0 0
  610 20.9728 0 0 0
  611 21.0072 0 0 0
  612 21.0417 0 0 0
  613 21.0761 0 0 0
  614 21.1105 0 0 0
  615 21.1449 0 0 0
  616 21.1793 0 0 0
  617 21.2137 0 0 0
  618 21.2481 0 0 0
  619 21.2825 0 0 0
  620 21.3169 0 0 0
  621 21.3513 0 0 0
  622 21.3857 0 0 0
  623 21.4202 0 0 0
  624 21.4546 0 0 0
  625 21.489 0 0 0
  626 21.5234 0 0 0
  627 21.5578 0 0 0
  628 21.5922 0 0 0
  629 21.6266 0 0 0
  630 21.661 0 0 0
  631 21.6954 0 0 0
  632 21.7298 0 0 0
  633 21.7643 0 0 0
  634 21.7987 0 0 0
  635 21.8331 0 0 0
  636 21.8675 0 0 0
  637 21.9019 0 0 0
  638 21.9363 0 0 0
  639 21.9707 0 0 0
  640 22.0051 0 0 0
  641 22.0395 0 0 0
  642 22.0739 0 0 0
  643 22.1084 0 0 0
  644 22.1428 0 0 0
  645 22.1772 0 0 0
  646 22.2116 0 0 0
  647 22.246 0 0 0
  648 22.2804 0 0 0
  649 22.3148 0 0 0
  650 22.3492 0 0 0
  651 22.3836 0 0 0
  652 22.418 0 0 0
  653 22.4525 0 0 0
  654 22.4869 0 0 0
  655 22.5213 0 0 0
  656 22.5557 0 0 0
  657 22.5901 0 0 0
  658 22.6245 0 0 0
  659 22.6589 0 0 0
  660 22.6933 0 0 0
  661 22.7277 0 0 0
  662 22.7621 0 0 0
  663 22.7966 0 0 0
  664 22.831 0 0 0
  665 22.8654 0 0 0
  666 22.8998 0 0 0
  667 22.9342 0 0 0
  668 22.9686 0 0 0
  669 23.003 0 0 0
  670 23.0374 0 0 0
  671 23.0718 0 0 0
  672 23.1062 0 0 0
  673 23.1407 0 0 0
  674 23.1751 0 0 0
  675 23.2095 0 0 0
  676 23.2439 0 0 0
  677 23.2783 0 0 0
  678 23.3127 0 0 0
  679 23.3471 0 0 0
  680 23.3815 0 0 0
  681 23.4159 0 0 0
  682 23.4503 0 0 0
  683 23.4848 0 0 0
  684 23.5192 0 0 0
  685 23.5536 0 0 0
  686 23.588 0 0 0
  687 23.6224 0 0 0
  688 23.6568 0 0 0
  689 23.6912 0 0 0
  690 23.7256 0 0 0
  691 23.76 0 0 0
  692 23.7944 0 0 0
  693 23.8289 0 0 0
  694 23.8633 0 0 0
  695 23.8977 0 0 0
  696 23.9321 0 0 0
  697 23.9665 0 0 0
  698 24.0009 0 0 0
  699 24.0353 0 0 0
  700 24.0697 0 0 0
  701 24.1041 0 0 0
  702 24.1385 0 0 0
  703 24.173 0 0 0
  704 24.2074 0 0 0
  705 24.2418 0 0 0
  706 24.2762 0 0 0
  707 24.3106 0 0 0
  708 24.345 0 0 0
  709 24.3794 0 0 0
  710 24.4138 0 0 0
  711 24.4482 0 0 0
  712 24.4826 0 0 0
  713 24.517 0 0 0
  714 24.5515 0 0 0
  715 24.5859 0 0 0
  716 24.6203 0 0 0
  717 24.6547 0 0 0
  718 24.6891 0 0 0
  719 24.7235 0 0 0
  720 24.7579 0 0 0
  721 24.7923 0 0 0
  722 24.8267 0 0 0
  723 24.8611 0 0 0
  724 24.8956 0 0 0
  725 24.93 0 0 0
  726 24.9644 0 0 0
  727 24.9988 0 0 0
  728 25.0332 0 0 0
  729 25.0676 0 0 0
  730 25.102 0 0 0
  731 25.1364 0 0 0
  732 25.1708 0 0 0
  733 25.2052 0 0 0
  734 25.2397 0 0 0
  735 25.2741 0 0 0
  736 25.3085 0 0 0
  737 25.3429 0 0 0
  738 25.3773 0 0 0
  739 25.4117 0 0 0
  740 25.4461 0 0 0
  741 25.4805 0 0 0
  742 25.5149 0 0 0
  743 25.5493 0 0 0
  744 25.5838 0 0 0
  745 25.6182 0 0 0
  746 25.6526 0 0 0
  747 25.687 0 0 0
  748 25.7214 0 0 0
  749 25.7558 0 0 0
  750 25.7902 0 0 0
  751 25.8246 0 0 0
  752 25.859 0 0 0
  753 25.8934 0 0 0
  754 25.9279 0 0 0
  755 25.9623 0 0 0
  756 25.9967 0 0 0
  757 26.0311 0 0 0
  758 26.0655 0 0 0
  759 26.0999 0 0 0
  760 26.1343 0 0 0
  761 26.1687 0 0 0
  762 26.2031 0 0 0
  763 26.2375 0 0 0
  764 26.272 0 0 0
  765 26.3064 0 0 0
  766 26.3408 0 0 0
  767 26.3752 0 0 0
  768 26.4096 0 0 0
  769 26.444 0 0 0
  770 26.4784 0 0 0
  771 26.5128 0 0 0
  772 26.5472 0 0 0
  773 26.5816 0 0 0
  774 26.6161 0 0 0
  775 26.6505 0 0 0
  776 26.6849 0 0 0
  777 26.7193 0 0 0
  778 26.7537 0 0 0
  779 26.7881 0 0 0
  780 26.8225 0 0 0
  781 26.8569 0 0 0
  782 26.8913 0 0 0
  783 26.9257 0 0 0
  784 26.9602 0 0 0
  785 26.9946 0 0 0
  786 27.029 0 0 0
  787 27.0634 0 0 0
  788 27.0978 0 0 0
  789 27.1322 0 0 0
  790 27.1666 0 0 0
  791 27.201 0 0 0
  792 27.2354 0 0 0
  793 27.2698 0 0 0
  794 27.3043 0 0 0
  795 27.3387 0 0 0
  796 27.3731 0 0 0
  797 27.4075 0 0 0
  798 27.4419 0 0 0
  799 27.4763 0 0 0
  800 27.5107 0 0 0
  801 27.5451 0 0 0
  802 27.5795 0 0 0
  803 27.6139 0 0 0
  804 27.6484 0 0 0
  805 27.6828 0 0 0
  806 27.7172 0 0 0
  807 27.7516 0 0 0
  808 27.786 0 0 0
  809 27.8204 0 0 0
  810 27.8548 0 0 0
  811 27.8892 0 0 0
  812 27.9236 0 0 0
  813 27.958 0 0 0
  814 27.9924 0 0 0
  815 28.0269 0 0 0
  816 28.0613 0 0 0
  817 28.0957 0 0 0
  818 28.1301 0 0 0
  819 28.1645 0 0 0
  820 28.1989 0 0 0
  821 28.2333 0 0 0
  822 28.2677 0 0 0
  823 28.3021 0 0 0
  824 28.3365 0 0 0
  825 28.371 0 0 0
  826 28.4054 0 0 0
  827 28.4398 0 0 0
  828 28.4742 0 0 0
  829 28.5086 0 0 0
  830 28.543 0 0 0
  831 28.5774 0 0 0
  832 28.6118 0 0 0
  833 28.6462 0 0 0
  834 28.6806 0 0 0
  835 28.7151 0 0 0
  836 28.7495 0 0 0
  837 28.7839 0 0 0
  838 28.8183 0 0 0
  839 28.8527 0 0 0
  840 28.8871 0 0 0
  841 28.9215 0 0 0
  842 28.9559 0 0 0
  843 28.9903 0 0 0
  844 29.0247 0 0 0
  845 29.0592 0 0 0
  846 29.0936 0 0 0
  847 29.128 0 0 0
  848 29.1624 0 0 0
  849 29.1968 0 0 0
  850 29.2312 0 0 0
  851 29.2656 0 0 0
  852 29.3 0 0 0
  853 29.3344 0 0 0
  854 29.3688 0 0 0
  855 29.4033 0 0 0
  856 29.4377 0 0 0
  857 29.4721 0 0 0
  858 29.5065 0 0 0
  859 29.5409 0 0 0
  860 29.5753 0 0 0
  861 29.6097 0 0 0
  862 29.6441 0 0 0
  863 29.6785 0 0 0
  864 29.7129 0 0 0
  865 29.7474 0 0 0
  866 29.7818 0 0 0
  867 29.8162 0 0 0
  868 29.8506 0 0 0
  869 29.885 0 0 0
  870 29.9194 0 0 0
  871 29.9538 0 0 0
  872 29.9882 0 0 0
  873 30.0226 0 0 0
  874 30.057 0 0 0
  875 30.0915 0 0 0
  876 30.1259 0 0 0
  877 30.1603 0 0 0
  878 30.1947 0 0 0
  879 30.2291 0 0 0
  880 30.2635 0 0 0
  881 30.2979 0 0 0
  882 30.3323 0 0 0
  883 30.3667 0 0 0
  884 30.4011 0 0 0
  885 30.4356 0 0 0
  886 30.47 0 0 0
  887 30.5044 0 0 0
  888 30.5388 0 0 0
  889 30.5732 0 0 0
  890 30.6076 0 0 0
  891 30.642 0 0 0
  892 30.6764 0 0 0
  893 30.7108 0 0 0
  894 30.7452 0 0 0
  895 30.7797 0 0 0
  896 30.8141 0 0 0
  897 30.8485 0 0 0
  898 30.8829 0 0 0
  899 30.9173 0 0 0
  900 30.9517 0 0 0
  901 30.9861 0 0 0
  902 31.0205 0 0 0
  903 31.0549 0 0 0
  904 31.0893 0 0 0
  905 31.1237 0 0 0
  906 31.1582 0 0 0
  907 31.1926 0 0 0
  908 31.227 0 0 0
  909 31.2614 0 0 0
  910 31.2958 0 0 0
  911 31.3302 0 0 0
  912 31.3646 0 0 0
  913 31.399 0 0 0
  914 31.4334 0 0 0
  915 31.4678 0 0 0
  916 31.5023 0 0 0
  917 31.5367 0 0 0
  918 31.5711 0 0 0
  919 31.6055 0 0 0
  920 31.6399 0 0 0
  921 31.6743 0 0 0
  922 31.7087 0 0 0
  923 31.7431 0 0 0
  924 31.7775 0 0 0
  925 31.8119 0 0 0
  926 31.8464 0 0 0
  927 31.8808 0 0 0
  928 31.9152 0 0 0
  929 31.9496 0 0 0
  930 31.984 0 0 0
  931 32.0184 0 0 0
  932 32.0528 0 0 0
  933 32.0872 0 0 0
  934 32.1216 0 0 0
  935 32.156 0 0 0
  936 32.1905 0 0 0
  937 32.2249 0 0 0
  938 32.2593 0 0 0
  939 32.2937 0 0 0
  940 32.3281 0 0 0
  941 32.3625 0 0 0
  942 32.3969 0 0 0
  943 32.4313 0 0 0
  944 32.4657 0 0 0
  945 32.5001 0 0 0
  946 32.5346 0 0 0
  947 32.569 0 0 0
  948 32.6034 0 0 0
  949 32.6378 0 0 0
  950 32.6722 0 0 0
  951 32.7066 0 0 0
  952 32.741 0 0 0
  953 32.7754 0 0 0
  954 32.8098 0 0 0
  955 32.8442 0 0 0
  956 32.8787 0 0 0
  957 32.9131 0 0 0
  958 32.9475 0 0 0
  959 32.9819 0 0 0
  960 33.0163 0 0 0
  961 33.0507 0 0 0
  962 33.0851 0 0 0
  963 33.1195 0 0 0
  964 33.1539 0 0 0
  965 33.1883 0 0 0
  966 33.2228 0 0 0
  967 33.2572 0 0 0
  968 33.2916 0 0 0
  969 33.326 0 0 0
  970 33.3604 0 0 0
  971 33.3948 0 0 0
  972 33.4292 0 0 0
  973 33.4636 0 0 0
  974 33.498 0 0 0
  975 33.5324 0 0 0
  976 33.5669 0 0 0
  977 33.6013 0 0 0
  978 33.6357 0 0 0
  979 33.6701 0 0 0
  980 33.7045 0 0 0
  981 33.7389 0 0 0
  982 33.7733 0 0 0
  983 33.8077 0 0 0
  984 33.8421 0 0 0
  985 33.8765 0 0 0
  986 33.911 0 0 0
  987 33.9454 0 0 0
  988 33.9798 0 0 0
  989 34.0142 0 0 0
  990 34.0486 0 0 0
  991 34.083 0 0 0
  992 34.1174 0 0 0
  993 34.1518 0 0 0
  994 34.1862 0 0 0
  995 34.2206 0 0 0
  996 34.255 0 0 0
  997 34.2895 0 0 0
  998 34.3239 0 0 0
  999 34.3583 0 0 0
  1000 34.3927 0 0 0
20000 1000 9376
  1 0.0172049 722 -0.025 0
  2 0.0516148 0 0 0
  3 0.0860247 0 0 0
  4 0.120435 0 0 0
  5 0.154845 0 0 0
  6 0.189254 0 0 0
  7 0.223664 0 0 0
  8 0.258074 0 0 0
  9 0.292484 0 0 0
  10 0.326894 0 0 0
  11 0.361304 0 0 0
  12 0.395714 0 0 0
  13 0.430124 0 0 0
  14 0.464534 0 0 0
  15 0.498943 0 0 0
  16 0.533353 0 0 0
  17 0.567763 0 0 0
  18 0.602173 0 0 0
  19 0.636583 0 0 0
  20 0.670993 0 0 0
  21 0.705403 0 0 0
  22 0.739813 4.2 -0.26031 0.0620833
  23 0.774223 282.375 -0.040029 -0.00711348
  24 0.808633 387.175 -0.0152469 0.000626032
  25 0.843042 46.8 -0.0164966 0.0492697
  26 0.877452 1.45 -0.0111783 0.14414
  27 0.911862 0 0 0
  28 0.946272 0 0 0
  29 0.980682 0 0 0
  30 1.01509 0 0 0
  31 1.0495 0 0 0
  32 1.08391 0 0 0
  33 1.11832 0 0 0
  34 1.15273 0 0 0
  35 1.18714 0 0 0
  36 1.22155 0 0 0
  37 1.25596 0 0 0
  38 1.29037 0 0 0
  39 1.32478 0 0 0
  40 1.35919 0 0 0
  41 1.3936 0 0 0
  42 1.42801 0 0 0
  43 1.46242 0 0 0
  44 1.49683 0 0 0
  45 1.53124 9.875 -0.0660707 0.0649074
  46 1.56565 226.15 -0.0306183 -0.0067852
  47 1.60006 377.9 -0.0214115 -0.00337465
  48 1.63447 97.5 -0.02088 -0.0120019
  49 1.66888 10.25 -0.0509487 0.0234692
  50 1.70329 0.325 -0.126405 0.0423305
  51 1.7377 0 0 0
  52 1.77211 0 0 0
  53 1.80652 0 0 0
  54 1.84093 0 0 0
  55 1.87534 0 0 0
  56 1.90975 0 0 0
  57 1.94416 0 0 0
  58 1.97857 0 0 0
  59 2.01298 0 0 0
  60 2.04739 0 0 0
  61 2.0818 0 0 0
  62 2.11621 0 0 0
  63 2.15062 0 0 0
  64 2.18503 0 0 0
  65 2.21944 0 0 0
  66 2.25385 0.025 0.227604 -0.913785
  67 2.28826 0.775 -0.236482 -0.288017
  68 2.32267 23.55 -0.052721 -0.0164248
  69 2.35708 191.275 -0.0266366 0.00386401
  70 2.39149 321.5 -0.0201731 -0.000945267
  71 2.4259 151.55 -0.0277863 0.0135779
  72 2.46031 30.625 0.0195918 -0.00859733
  73 2.49472 3.075 -0.0919072 -0.0481843
  74 2.52913 0.525 -0.0173206 -0.453861
  75 2.56354 0.525 -0.371593 -0.245409
  76 2.59795 0.8 0.277972 0.165259
  77 2.63236 1.425 -0.210665 0.0186836
  78 2.66677 2.425 -0.0458423 0.0923831
  79 2.70118 2.775 0.0635738 -0.181344
  80 2.73559 3.475 0.0241913 -0.170141
  81 2.77 4.65 -0.0238743 0.0797006
  82 2.80441 4.9 0.115304 -0.0746299
  83 2.83882 5.95 0.132601 -0.172034
  84 2.87323 7 -0.107207 -0.0137782
  85 2.90764 6.125 -0.00427702 0.0805502
  86 2.94205 5.2 0.0259363 -0.113506
  87 2.97646 4 -0.00197841 -0.0861423
  88 3.01087 3.2 0.0289936 -0.0145146
  89 3.04528 3.025 0.0812249 0.117326
  90 3.07969 2.525 -0.0291939 0.0161716
  91 3.1141 1.975 0.0308346 -0.105946
  92 3.14851 2.975 -0.0986577 -0.119178
  93 3.18292 5 -0.0758537 0.165321
  94 3.21733 7.775 -0.0211873 -0.124339
  95 3.25174 11.275 -0.0995912 0.00943162
  96 3.28614 13.925 -0.0964822 -0.000773354
  97 3.32055 17 -0.0150371 0.00430846
  98 3.35496 19.675 -0.056648 0.00628056
  99 3.38937 20.925 0.012448 -0.0267309
  100 3.42378 21 -0.00186481 0.00492967
  101 3.45819 21.7 0.030719 -0.0341724
  102 3.4926 20.6 -0.0457729 -0.0175767
  103 3.52701 20.125 0.0248398 0.0131628
  104 3.56142 20.55 -0.0121379 -0.0709843
  105 3.59583 20.875 0.0466247 0.00201688
  106 3.63024 18.625 0.00619475 -0.0822216
  107 3.66465 18.175 -0.0496967 -0.0159135
  108 3.69906 19.9 0.0349515 0.0521221
  109 3.73347 20.35 -0.00923609 -0.0185819
  110 3.76788 19.45 -0.0395019 0.0187517
  111 3.80229 18.925 -0.0584156 -0.0499383
  112 3.8367 17.8 0.0489775 0.0187239
  113 3.87111 17.425 0.0278211 0.0665478
  114 3.90552 18.325 -0.0543228 -0.00748896
  115 3.93993 17.775 -0.0643105 -0.0397406
  116 3.97434 17.525 -0.0103381 -0.0294235
  117 4.00875 17.575 -0.00754592 -0.125298
  118 4.04316 17.425 -0.15602 0.0151714
  119 4.07757 15.475 -0.00451231 0.047932
  120 4.11198 17.05 -0.0230288 0.0740831
  121 4.14639 15.45 -0.057465 0.0158696
  122 4.1808 15.875 0.0511006 -0.030935
  123 4.21521 17.025 -0.0798154 0.0209485
  124 4.24962 17.375 0.00509962 0.11724
  125 4.28403 16.75 -0.0451738 0.08372
  126 4.31844 16.525 -0.0339542 -0.0634792
  127 4.35285 18.4 0.115123 -0.0373648
  128 4.38726 16.775 -0.0563777 -0.0378878
  129 4.42167 17.85 -0.00541194 -0.0417247
  130 4.45608 17.075 0.0588638 0.0555045
  131 4.49049 17.825 0.0703743 -0.0755613
  132 4.5249 18 0.0565012 0.0458077
  133 4.55931 17.525 0.0211021 0.0251707
  134 4.59372 17.375 -0.12804 0.00809942
  135 4.62813 17.425 0.00169616 -0.0833058
  136 4.66254 18.275 -0.0473516 -0.118878
  137 4.69695 17.825 0.0492391 -0.00517528
  138 4.73136 18.75 -0.126963 0.0412266
  139 4.76577 18.85 -0.0268279 0.0778853
  140 4.80018 17.25 -0.0120251 -0.0198303
  141 4.83459 16.65 0.0306513 0.0195144
  142 4.869 19 0.00447443 -0.115218
  143 4.90341 17.775 -0.0684445 0.028346
  144 4.93782 17.4 0.118585 -0.0343076
  145 4.97223 16.7 -0.0812767 -0.00946594
  146 5.00664 17.65 -0.0262372 -0.0292039
  147 5.04105 16.925 -0.033046 -0.076644
  148 5.07546 17.1 -0.0706201 -0.0248879
  149 5.10987 17.325 0.056839 -0.0262652
  150 5.14428 17.225 -0.043211 -0.0543418
  151 5.17869 17.475 -0.0348766 -0.114768
  152 5.2131 17.45 -0.0335853 -0.0926388
  153 5.24751 17.375 0.0269821 -0.128139
  154 5.28192 17.2 -0.03455 -0.0588847
  155 5.31633 16.75 -0.00154378 -0.0133068
  156 5.35074 16.125 -0.000665795 0.0124479
  157 5.38515 16.875 -0.0081367 -0.00197119
  158 5.41956 17.35 0.0189561 0.0420391
  159 5.45397 15.9 -0.0302659 -0.00982132
  160 5.48838 18.15 -0.0288722 -0.0114002
  161 5.52279 17.1 -0.00504969 0.0551477
  162 5.5572 17.875 -0.049641 -0.0659145
  163 5.59161 17.025 0.0237279 0.0059479
  164 5.62602 16.65 -0.0129521 0.0346259
  165 5.66043 18.625 -0.0414917 0.0589915
  166 5.69484 17.575 0.005773 0.0651451
  167 5.72925 16.8 -0.052696 -0.0170939
  168 5.76366 17.475 -0.151418 -0.0439546
  169 5.79807 16.975 0.06346 0.0230701
  170 5.83248 17.6 -0.0207561 -0.0250352
  171 5.86689 17.25 0.0207819 0.0373066
  172 5.9013 18.475 0.0348178 -0.0801026
  173 5.93571 18.475 -0.0617776 -0.0722062
  174 5.97012 18.175 -0.0399864 -0.122962
  175 6.00453 18.525 0.0435039 0.0159752
  176 6.03894 18.6 0.0328931 0.0136813
  177 6.07335 19.1 0.014518 -0.0884099
  178 6.10776 20.075 -0.0226632 0.0595629
  179 6.14217 18.5 0.0164901 0.0213471
  180 6.17658 20.65 0.0198601 -0.000806833
  181 6.21099 19.725 -0.0126112 0.0434853
  182 6.2454 18.425 0.0887454 -0.0265129
  183 6.27981 18.45 0.0226976 0.0334022
  184 6.31422 18.425 -0.0517141 0.095655
  185 6.34863 18.4 0.00110603 0.0343099
  186 6.38304 17.675 -0.0598804 0.027543
  187 6.41745 17.05 0.00757419 0.0446819
  188 6.45186 17.35 0.00767045 -0.0873456
  189 6.48627 17.125 0.06893 0.105565
  190 6.52067 17.725 -0.0128787 0.0226516
  191 6.55508 16.375 -0.0043394 0.0498096
  192 6.58949 16.6 -0.0572239 -0.00970813
  193 6.6239 15.45 0.000820035 0.0138581
  194 6.65831 16.325 -0.120291 0.0169429
  195 6.69272 15.525 -0.0281233 -0.0125016
  196 6.72713 16.55 0.0178636 0.0211426
  197 6.76154 15.675 0.0508414 -0.00890797
  198 6.79595 16.05 -0.0804638 -0.0549116
  199 6.83036 15.625 -0.0462541 0.0679573
  200 6.86477 14.975 0.00386456 -0.04847
  201 6.89918 14.525 0.0769386 -0.0645276
  202 6.93359 16.5 -0.00722539 -0.123465
  203 6.968 14.475 0.0763468 0.0879983
  204 7.00241 14.075 -0.00301659 0.00928195
  205 7.03682 15.4 -0.0273346 -0.0341143
  206 7.07123 15.775 0.00639315 -0.0232674
  207 7.10564 17.85 -0.0741016 -0.0172259
  208 7.14005 25.525 0.0241295 -0.0359759
  209 7.17446 28.075 -0.0148113 -0.0516426
  210 7.20887 20.475 0.0838704 -0.0424023
  211 7.24328 14.8 0.0246201 -0.0188785
  212 7.27769 14.275 0.0614453 -0.0776784
  213 7.3121 18.85 -0.0418846 0.0299208
  214 7.34651 21.275 0.0743334 0.0116532
  215 7.38092 16.75 -0.0434662 -0.021899
  216 7.41533 13.35 0.0167692 -0.0364303
  217 7.44974 15.325 -0.131413 0.0218825
  218 7.48415 19.85 -0.0491411 -0.045094
  219 7.51856 20.1 0.0500489 -0.02289
  220 7.55297 15.325 0.0314811 0.00285174
  221 7.58738 13.825 -0.0659686 -0.00370369
  222 7.62179 13.9 0.017277 -0.0641237
  223 7.6562 15.1 0.00542138 0.00131819
  224 7.69061 18.325 -0.0375052 -0.0789625
  225 7.72502 21.8 0.113779 0.00251317
  226 7.75943 15.425 -0.0343467 0.000243158
  227 7.79384 11.625 0.128668 -0.114866
  228 7.82825 13.75 0.106695 -0.0318461
  229 7.86266 13 0.0399194 0.00338538
  230 7.89707 13.825 -0.0157916 -0.0667916
  231 7.93148 22.35 0.0119078 -0.00563135
  232 7.96589 29.325 0.00799777 -0.0190011
  233 8.0003 24.05 0.103936 -0.00606208
  234 8.03471 21.15 0.0292785 -0.00834073
  235 8.06912 17.6 -0.0268827 -0.00167296
  236 8.10353 17.175 -0.124568 -0.152897
  237 8.13794 27.275 -0.0196595 -0.013333
  238 8.17235 22.325 0.0493741 0.00238331
  239 8.20676 20.2 -0.0648515 -0.0769387
  240 8.24117 16.1 -0.00224575 -0.025194
  241 8.27558 18.95 -0.0224387 -0.097923
  242 8.30999 22.175 -0.00706221 -0.0448846
  243 8.3444 13.425 -0.0324635 0.0326489
  244 8.37881 12.675 0.0446615 -0.137084
  245 8.41322 12.375 0.0411411 -0.0463124
  246 8.44763 12.25 -0.0626301 0.00460404
  247 8.48204 15.525 0.0527749 0.0314536
  248 8.51645 21.325 0.0888202 -0.00020011
  249 8.55086 14.6 -0.0155624 -0.133258
  250 8.58527 11.875 0.0771455 0.0177564
  251 8.61968 15.575 -0.0269042 0.00978304
  252 8.65409 25 -0.00594527 -0.050233
  253 8.6885 26.475 -0.00109179 -0.00984583
  254 8.72291 24.225 0.0174705 0.0139005
  255 8.75732 29.675 -0.00426694 0.0130507
  256 8.79173 25.025 0.111142 -0.0428125
  257 8.82614 21.95 0.0369761 -0.0674659
  258 8.86055 15.925 -0.0121542 -0.0410419
  259 8.89496 13.975 -0.0107922 0.0681807
  260 8.92937 25.125 0.0103167 -0.000880665
  261 8.96378 22.45 -0.0377275 0.004763
  262 8.99819 21 0.0411291 0.0434946
  263 9.0326 12.725 -0.0454521 -0.00324365
  264 9.06701 16.425 0.00799298 -0.0218618
  265 9.10142 24.475 0.042058 -0.0582949
  266 9.13583 14.4 -0.0141965 0.0439365
  267 9.17024 18.45 -0.0524838 -0.131159
  268 9.20465 17.9 -0.0804432 0.0898535
  269 9.23906 13.225 -0.106566 -0.0190001
  270 9.27347 15.1 0.0412064 -0.108087
  271 9.30788 29.275 0.0443903 0.0161644
  272 9.34229 22.7 0.00582242 -0.053845
  273 9.3767 13.675 0.144688 -0.0310567
  274 9.41111 13.075 0.0350988 -0.0585438
  275 9.44552 22.75 0.0160332 -0.0498546
  276 9.47993 29 0.0455892 0.0131097
  277 9.51434 15.8 0.0209209 -0.0791201
  278 9.54875 29.05 0.0536063 0.00524253
  279 9.58316 32.35 -0.00350856 -0.0394291
  280 9.61757 24.7 -0.0541621 -0.0176254
  281 9.65198 20.5 0.0541369 0.0372691
  282 9.68639 18.425 -0.0227788 -0.0782136
  283 9.7208 32.725 0.0263035 0.0277792
  284 9.75521 17.825 0.011904 0.017805
  285 9.78961 20.725 0.029442 -0.0736099
  286 9.82402 11.9 0.0542567 0.0632743
  287 9.85843 10.625 0.0111378 0.0104919
  288 9.89284 28.975 0.00421399 -0.0117814
  289 9.92725 11.85 0.0452902 0.0164833
  290 9.96166 20.125 0.0563281 0.00909329
  291 9.99607 27.925 -0.0226921 -0.0355788
  292 10.0305 17.4 0.0163421 -0.0231804
  293 10.0649 12.65 -0.0524332 -0.00131267
  294 10.0993 37.85 0.014214 -0.0194518
  295 10.1337 27.575 0.0389692 0.0995388
  296 10.1681 17.7 -0.0090419 -0.00351778
  297 10.2025 10.925 -0.0474078 -0.0444286
  298 10.2369 17.875 0.00640207 0.0176636
  299 10.2714 33.375 0.0190543 -0.0861271
  300 10.3058 15.925 0.0486437 0.0260673
  301 10.3402 11.575 -0.0247223 0.0358157
  302 10.3746 9.525 -0.00731815 -0.0343672
  303 10.409 27.325 0.0258203 0.00854488
  304 10.4434 14.15 0.0202412 0.0156739
  305 10.4778 20.8 0.0328439 0.10012
  306 10.5122 14.3 0.00287722 0.0173415
  307 10.5466 16.125 0.0225297 0.0167135
  308 10.581 34.775 0.00906508 0.00541047
  309 10.6155 13.45 -0.0229317 -0.0662387
  310 10.6499 17.175 0.0617 0.0522657
  311 10.6843 15.7 0.0348969 -0.0218118
  312 10.7187 12.45 -0.0646835 0.0792547
  313 10.7531 16.975 -0.0235032 -0.0681306
  314 10.7875 28.325 -0.0198698 -0.0223901
  315 10.8219 19.1 0.0666693 -0.0250054
  316 10.8563 10.75 0.0304415 0.0433378
  317 10.8907 16.825 -0.0720851 0.00129272
  318 10.9251 35.65 0.0172566 -0.00951393
  319 10.9596 25.925 -0.017148 0.0381112
  320 10.994 15.825 0.00901505 -0.136116
  321 11.0284 9.85 -0.0733752 0.0567025
  322 11.0628 44.95 0.0202931 0.00474918
  323 11.0972 9.425 0.0445759 0.137606
  324 11.1316 8.25 0.00970683 0.0912882
  325 11.166 8.45 0.0446706 -0.0430492
  326 11.2004 8.275 -0.0460871 0.142562
  327 11.2348 12.425 -0.0450866 0.0350763
  328 11.2692 28.55 0.0882761 -0.0202756
  329 11.3037 28.475 -0.00163561 -0.000436856
  330 11.3381 24.475 0.0313271 0.0221631
  331 11.3725 17.725 0.0587553 -0.0224031
  332 11.4069 9.925 0.0167067 -0.0385597
  333 11.4413 14.8 0.00113945 -0.00634516
  334 11.4757 14.825 -0.028502 0.0681366
  335 11.5101 7.3 -0.0011634 0.0745902
  336 11.5445 6.75 -0.0995291 -0.00413363
  337 11.5789 31.925 -0.000570985 -0.0343422
  338 11.6133 22.075 0.00627079 -0.00313097
  339 11.6477 13 0.039742 -0.0448772
  340 11.6822 8.2 0.0171762 0.116554
  341 11.7166 34.15 0.0170969 0.0196262
  342 11.751 21.75 0.100365 0.00120138
  343 11.7854 9.525 0.0678918 -0.0709098
  344 11.8198 4.35 -0.025261 -0.0855704
  345 11.8542 11 -0.0342935 0.00793557
  346 11.8886 25.075 -0.0363537 0.00704292
  347 11.923 20.725 0.0189886 -0.0140043
  348 11.9574 5.825 -0.0965711 -0.13563
  349 11.9918 2.875 -0.0964706 0.30374
  350 12.0263 3.6 -0.14199 -0.052386
  351 12.0607 28.075 0.025111 0.0261305
  352 12.0951 29.6 0.0322501 -9.95138e-05
  353 12.1295 33.65 0.0225219 -0.0423003
  354 12.1639 24.7 0.0554758 0.0649478
  355 12.1983 5.2 -0.037436 -0.0658969
  356 12.2327 10.575 -0.0659247 -0.0932275
  357 12.2671 16.975 0.0362344 0.000908414
  358 12.3015 15.55 0.0339784 0.00269079
  359 12.3359 15.075 -0.0170672 0.0344604
  360 12.3704 7 -0.0959717 -0.0153759
  361 12.4048 28.65 0.0135167 0.00515662
  362 12.4392 21.925 0.00797426 0.0163532
  363 12.4736 26.95 0.0795053 -0.0343926
  364 12.508 18.65 0.0772352 0.00942805
  365 12.5424 35.625 0.0319964 0.016924
  366 12.5768 20.425 0.0187929 0.00541012
  367 12.6112 18.625 0.0852043 0.0285783
  368 12.6456 21.775 0.0147636 0.0146655
  369 12.68 47.2 0.0290922 -0.0376558
  370 12.7145 48.375 0.0530006 0.0200758
  371 12.7489 13.4 0.0173199 0.012333
  372 12.7833 2.35 0.0468063 0.0513636
  373 12.8177 1.4 -0.0151272 -0.0648151
  374 12.8521 4.125 0.0997308 -0.00135306
  375 12.8865 26 0.0428394 0.0475411
  376 12.9209 33.625 0.0259357 -0.0401222
  377 12.9553 31.225 0.0351275 -0.00764927
  378 12.9897 7.775 -0.0742142 0.0289152
  379 13.0241 9.625 -0.0504188 0.00638594
  380 13.0586 24.525 0.0170998 0.00253545
  381 13.093 13.6 0.0391373 -0.00586991
  382 13.1274 16.875 -0.08709 0.0395429
  383 13.1618 5.275 -0.00617647 -0.0580585
  384 13.1962 5.675 0.133268 -0.0962517
  385 13.2306 20.025 0.0399693 0.0252367
  386 13.265 27.725 0.0170375 -0.00213269
  387 13.2994 19.525 0.0598182 0.0128345
  388 13.3338 21.9 0.0347626 0.00723526
  389 13.3682 11.325 0.0608696 -0.0308324
  390 13.4027 20.25 0.0116307 0.0422688
  391 13.4371 15.175 -0.0146229 -0.0202218
  392 13.4715 47.8 0.0416097 0.00142692
  393 13.5059 65.35 0.033854 -0.0103
  394 13.5403 19.625 -0.0110478 0.0146158
  395 13.5747 1.55 0.119215 0.0702232
  396 13.6091 0.325 0.132127 -0.342655
  397 13.6435 0.4 0.266637 0.137099
  398 13.6779 23.825 0.0506015 -0.00505473
  399 13.7123 36.2 0.034013 -0.0124271
  400 13.7468 12.25 0.0709726 0.0694232
  401 13.7812 4.75 -0.0259347 0.0190688
  402 13.8156 11.275 -0.0834369 -0.0512288
  403 13.85 3.825 0.014698 0.165384
  404 13.8844 11.975 0.0552477 -0.0576698
  405 13.9188 20.725 0.00659114 0.000893943
  406 13.9532 12.95 -0.0780621 -0.0816381
  407 13.9876 7.075 -0.105609 0.101164
  408 14.022 22.45 0.0406042 -0.0156788
  409 14.0564 26.55 0.0641179 -0.00481381
  410 14.0909 23.175 0.00257617 -0.0492706
  411 14.1253 1.75 0.0923854 -0.047042
  412 14.1597 8.8 0.0632531 0.0111879
  413 14.1941 22.25 -0.0620123 0.0205229
  414 14.2285 8.725 -0.0128181 -0.0101596
  415 14.2629 44.775 0.0217275 0.0141813
  416 14.2973 72.175 0.0299732 0.000563838
  417 14.3317 24.225 0.0575196 -0.0013946
  418 14.3661 7.275 0.00577926 -0.0513041
  419 14.4005 8 0.089719 -0.00410689
  420 14.435 1.55 -0.0578205 0.105926
  421 14.4694 0.075 0.382444 0.779306
  422 14.5038 18.05 0.025 0
  423 14.5382 18.075 0.0217669 -0.000994971
  424 14.5726 2.75 0.159793 -0.0665779
  425 14.607 12.65 -0.00092913 0.0302096
  426 14.6414 2.6 -0.0779183 0.0444828
  427 14.6758 18.125 0.0262856 0.000368798
  428 14.7102 19.4 0.0195611 0.0026515
  429 14.7446 8.15 -0.0256142 -0.0551667
  430 14.779 7.975 0.00296262 0.0274513
  431 14.8135 0.525 0.1516 -0.0324273
  432 14.8479 18.05 0.025 0
  433 14.8823 36.1 0.025 0
  434 14.9167 0 0 0
  435 14.9511 0 0 0
  436 14.9855 36.1 0.025 0
  437 15.0199 0 0 0
  438 15.0543 36.6 0.0255545 -0.000327096
  439 15.0887 24.7 0.0569984 0.0220763
  440 15.1231 29.425 0.0570338 0.010972
  441 15.1576 5.925 0.0558016 -0.0953892
  442 15.192 10 0.0555655 -0.0339062
  443 15.2264 1.65 0.175349 0.126793
  444 15.2608 0 0 0
  445 15.2952 0 0 0
  446 15.3296 0 0 0
  447 15.364 0 0 0
  448 15.3984 18.05 0.025 0
  449 15.4328 0 0 0
  450 15.4672 0 0 0
  451 15.5017 0.6 -0.159402 0.0653912
  452 15.5361 6.35 0.0223758 0.0462637
  453 15.5705 10.625 0.0226237 -0.0264092
  454 15.6049 0.475 -0.26857 0.19217
  455 15.6393 0 0 0
  456 15.6737 0 0 0
  457 15.7081 0 0 0
  458 15.7425 0 0 0
  459 15.7769 0 0 0
  460 15.8113 0 0 0
  461 15.8458 0 0 0
  462 15.8802 0 0 0
  463 15.9146 18.4 0.0253912 0.00652439
  464 15.949 3.825 0.0392382 0.0251512
  465 15.9834 12.45 0.112757 0.0443843
  466 16.0178 1.425 0.0803311 -0.0664158
  467 16.0522 0 0 0
  468 16.0866 0 0 0
  469 16.121 0 0 0
  470 16.1554 0 0 0
  471 16.1899 0 0 0
  472 16.2243 0 0 0
  473 16.2587 0 0 0
  474 16.2931 0 0 0
  475 16.3275 0 0 0
  476 16.3619 18.05 0.025 0
  477 16.3963 0 0 0
  478 16.4307 0 0 0
  479 16.4651 0 0 0
  480 16.4995 0 0 0
  481 16.534 0 0 0
  482 16.5684 0 0 0
  483 16.6028 0 0 0
  484 16.6372 0 0 0
  485 16.6716 0 0 0
  486 16.706 0 0 0
  487 16.7404 0 0 0
  488 16.7748 18.05 0.025 0
  489 16.8092 0 0 0
  490 16.8436 0 0 0
  491 16.8781 0 0 0
  492 16.9125 0 0 0
  493 16.9469 0 0 0
  494 16.9813 0 0 0
  495 17.0157 0 0 0
  496 17.0501 0 0 0
  497 17.0845 0 0 0
  498 17.1189 0 0 0
  499 17.1533 0 0 0
  500 17.1877 0 0 0
  501 17.2222 0 0 0
  502 17.2566 0 0 0
  503 17.291 0 0 0
  504 17.3254 0 0 0
  505 17.3598 0 0 0
  506 17.3942 0 0 0
  507 17.4286 0 0 0
  508 17.463 0 0 0
  509 17.4974 0 0 0
  510 17.5318 0 0 0
  511 17.5663 0 0 0
  512 17.6007 0 0 0
  513 17.6351 0 0 0
  514 17.6695 0 0 0
  515 17.7039 0 0 0
  516 17.7383 0 0 0
  517 17.7727 0 0 0
  518 17.8071 0 0 0
  519 17.8415 0 0 0
  520 17.8759 0 0 0
  521 17.9103 0 0 0
  522 17.9448 0 0 0
  523 17.9792 0 0 0
  524 18.0136 0 0 0
  525 18.048 0 0 0
  526 18.0824 0 0 0
  527 18.1168 0 0 0
  528 18.1512 0 0 0
  529 18.1856 0 0 0
  530 18.22 0 0 0
  531 18.2544 0 0 0
  532 18.2889 0 0 0
  533 18.3233 0 0 0
  534 18.3577 0 0 0
  535 18.3921 0 0 0
  536 18.4265 0 0 0
  537 18.4609 0 0 0
  538 18.4953 0 0 0
  539 18.5297 0 0 0
  540 18.5641 0 0 0
  541 18.5985 0 0 0
  542 18.633 0 0 0
  543 18.6674 0 0 0
  544 18.7018 0 0 0
  545 18.7362 0 0 0
  546 18.7706 0 0 0
  547 18.805 0 0 0
  548 18.8394 0 0 0
  549 18.8738 0 0 0
  550 18.9082 0 0 0
  551 18.9426 0 0 0
  552 18.9771 0 0 0
  553 19.0115 0 0 0
  554 19.0459 0 0 0
  555 19.0803 0 0 0
  556 19.1147 0 0 0
  557 19.1491 0 0 0
  558 19.1835 0 0 0
  559 19.2179 0 0 0
  560 19.2523 0 0 0
  561 19.2867 0 0 0
  562 19.3212 0 0 0
  563 19.3556 0 0 0
  564 19.39 0 0 0
  565 19.4244 0 0 0
  566 19.4588 0 0 0
  567 19.4932 0 0 0
  568 19.5276 0 0 0
  569 19.562 0 0 0
  570 19.5964 0 0 0
  571 19.6308 0 0 0
  572 19.6653 0 0 0
  573 19.6997 0 0 0
  574 19.7341 0 0 0
  575 19.7685 0 0 0
  576 19.8029 0 0 0
  577 19.8373 0 0 0
  578 19.8717 0 0 0
  579 19.9061 0 0 0
  580 19.9405 0 0 0
  581 19.9749 0 0 0
  582 20.0094 0 0 0
  583 20.0438 0 0 0
  584 20.0782 0 0 0
  585 20.1126 0 0 0
  586 20.147 0 0 0
  587 20.1814 0 0 0
  588 20.2158 0 0 0
  589 20.2502 0 0 0
  590 20.2846 0 0 0
  591 20.319 0 0 0
  592 20.3535 0 0 0
  593 20.3879 0 0 0
  594 20.4223 0 0 0
  595 20.4567 0 0 0
  596 20.4911 0 0 0
  597 20.5255 0 0 0
  598 20.5599 0 0 0
  599 20.5943 0 0 0
  600 20.6287 0 0 0
  601 20.6631 0 0 0
  602 20.6976 0 0 0
  603 20.732 0 0 0
  604 20.7664 0 0 0
  605 20.8008 0 0 0
  606 20.8352 0 0 0
  607 20.8696 0 0 0
  608 20.904 0 0 0
  609 20.9384 0 0 0
  610 20.9728 0 0 0
  611 21.0072 0 0 0
  612 21.0417 0 0 0
  613 21.0761 0 0 0
  614 21.1105 0 0 0
  615 21.1449 0 0 0
  616 21.1793 0 0 0
  617 21.2137 0 0 0
  618 21.2481 0 0 0
  619 21.2825 0 0 0
  620 21.3169 0 0 0
  621 21.3513 0 0 0
  622 21.3857 0 0 0
  623 21.4202 0 0 0
  624 21.4546 0 0 0
  625 21.489 0 0 0
  626 21.5234 0 0 0
  627 21.5578 0 0 0
  628 21.5922 0 0 0
  629 21.6266 0 0 0
  630 21.661 0 0 0
  631 21.6954 0 0 0
  632 21.7298 0 0 0
  633 21.7643 0 0 0
  634 21.7987 0 0 0
  635 21.8331 0 0 0
  636 21.8675 0 0 0
  637 21.9019 0 0 0
  638 21.9363 0 0 0
  639 21.9707 0 0 0
  640 22.0051 0 0 0
  641 22.0395 0 0 0
  642 22.0739 0 0 0
  643 22.1084 0 0 0
  644 22.1428 0 0 0
  645 22.1772 0 0 0
  646 22.2116 0 0 0
  647 22.246 0 0 0
  648 22.2804 0 0 0
  649 22.3148 0 0 0
  650 22.3492 0 0 0
  651 22.3836 0 0 0
  652 22.418 0 0 0
  653 22.4525 0 0 0
  654 22.4869 0 0 0
  655 22.5213 0 0 0
  656 22.5557 0 0 0
  657 22.5901 0 0 0
  658 22.6245 0 0 0
  659 22.6589 0 0 0
  660 22.6933 0 0 0
  661 22.7277 0 0 0
  662 22.7621 0 0 0
  663 22.7966 0 0 0
  664 22.831 0 0 0
  665 22.8654 0 0 0
  666 22.8998 0 0 0
  667 22.9342 0 0 0
  668 22.9686 0 0 0
  669 23.003 0 0 0
  670 23.0374 0 0 0
  671 23.0718 0 0 0
  672 23.1062 0 0 0
  673 23.1407 0 0 0
  674 23.1751 0 0 0
  675 23.2095 0 0 0
  676 23.2439 0 0 0
  677 23.2783 0 0 0
  678 23.3127 0 0 0
  679 23.3471 0 0 0
  680 23.3815 0 0 0
  681 23.4159 0 0 0
  682 23.4503 0 0 0
  683 23.4848 0 0 0
  684 23.5192 0 0 0
  685 23.5536 0 0 0
  686 23.588 0 0 0
  687 23.6224 0 0 0
  688 23.6568 0 0 0
  689 23.6912 0 0 0
  690 23.7256 0 0 0
  691 23.76 0 0 0
  692 23.7944 0 0 0
  693 23.8289 0 0 0
  694 23.8633 0 0 0
  695 23.8977 0 0 0
  696 23.9321 0 0 0
  697 23.9665 0 0 0
  698 24.0009 0 0 0
  699 24.0353 0 0 0
  700 24.0697 0 0 0
  701 24.1041 0 0 0
  702 24.1385 0 0 0
  703 24.173 0 0 0
  704 24.2074 0 0 0
  705 24.2418 0 0 0
  706 24.2762 0 0 0
  707 24.3106 0 0 0
  708 24.345 0 0 0
  709 24.3794 0 0 0
  710 24.4138 0 0 0
  711 24.4482 0 0 0
  712 24.4826 0 0 0
  713 24.517 0 0 0
  714 24.5515 0 0 0
  715 24.5859 0 0 0
  716 24.6203 0 0 0
  717 24.6547 0 0 0
  718 24.6891 0 0 0
  719 24.7235 0 0 0
  720 24.7579 0 0 0
  721 24.7923 0 0 0
  722 24.8267 0 0 0
  723 24.8611 0 0 0
  724 24.8956 0 0 0
  725 24.93 0 0 0
  726 24.9644 0 0 0
  727 24.9988 0 0 0
  728 25.0332 0 0 0
  729 25.0676 0 0 0
  730 25.102 0 0 0
  731 25.1364 0 0 0
  732 25.1708 0 0 0
  733 25.2052 0 0 0
  734 25.2397 0 0 0
  735 25.2741 0 0 0
  736 25.3085 0 0 0
  737 25.3429 0 0 0
  738 25.3773 0 0 0
  739 25.4117 0 0 0
  740 25.4461 0 0 0
  741 25.4805 0 0 0
  742 25.5149 0 0 0
  743 25.5493 0 0 0
  744 25.5838 0 0 0
  745 25.6182 0 0 0
  746 25.6526 0 0 0
  747 25.687 0 0 0
  748 25.7214 0 0 0
  749 25.7558 0 0 0
  750 25.7902 0 0 0
  751 25.8246 0 0 0
  752 25.859 0 0 0
  753 25.8934 0 0 0
  754 25.9279 0 0 0
  755 25.9623 0 0 0
  756 25.9967 0 0 0
  757 26.0311 0 0 0
  758 26.0655 0 0 0
  759 26.0999 0 0 0
  760 26.1343 0 0 0
  761 26.1687 0 0 0
  762 26.2031 0 0 0
  763 26.2375 0 0 0
  764 26.272 0 0 0
  765 26.3064 0 0 0
  766 26.3408 0 0 0
  767 26.3752 0 0 0
  768 26.4096 0 0 0
  769 26.444 0 0 0
  770 26.4784 0 0 0
  771 26.5128 0 0 0
  772 26.5472 0 0 0
  773 26.5816 0 0 0
  774 26.6161 0 0 0
  775 26.6505 0 0 0
  776 26.6849 0 0 0
  777 26.7193 0 0 0
  778 26.7537 0 0 0
  779 26.7881 0 0 0
  780 26.8225 0 0 0
  781 26.8569 0 0 0
  782 26.8913 0 0 0
  783 26.9257 0 0 0
  784 26.9602 0 0 0
  785 26.9946 0 0 0
  786 27.029 0 0 0
  787 27.0634 0 0 0
  788 27.0978 0 0 0
  789 27.1322 0 0 0
  790 27.1666 0 0 0
  791 27.201 0 0 0
  792 27.2354 0 0 0
  793 27.2698 0 0 0
  794 27.3043 0 0 0
  795 27.3387 0 0 0
  796 27.3731 0 0 0
  797 27.4075 0 0 0
  798 27.4419 0 0 0
  799 27.4763 0 0 0
  800 27.5107 0 0 0
  801 27.5451 0 0 0
  802 27.5795 0 0 0
  803 27.6139 0 0 0
  804 27.6484 0 0 0
  805 27.6828 0 0 0
  806 27.7172 0 0 0
  807 27.7516 0 0 0
  808 27.786 0 0 0
  809 27.8204 0 0 0
  810 27.8548 0 0 0
  811 27.8892 0 0 0
  812 27.9236 0 0 0
  813 27.958 0 0 0
  814 27.9924 0 0 0
  815 28.0269 0 0 0
  816 28.0613 0 0 0
  817 28.0957 0 0 0
  818 28.1301 0 0 0
  819 28.1645 0 0 0
  820 28.1989 0 0 0
  821 28.2333 0 0 0
  822 28.2677 0 0 0
  823 28.3021 0 0 0
  824 28.3365 0 0 0
  825 28.371 0 0 0
  826 28.4054 0 0 0
  827 28.4398 0 0 0
  828 28.4742 0 0 0
  829 28.5086 0 0 0
  830 28.543 0 0 0
  831 28.5774 0 0 0
  832 28.6118 0 0 0
  833 28.6462 0 0 0
  834 28.6806 0 0 0
  835 28.7151 0 0 0
  836 28.7495 0 0 0
  837 28.7839 0 0 0
  838 28.8183 0 0 0
  839 28.8527 0 0 0
  840 28.8871 0 0 0
  841 28.9215 0 0 0
  842 28.9559 0 0 0
  843 28.9903 0 0 0
  844 29.0247 0 0 0
  845 29.0592 0 0 0
  846 29.0936 0 0 0
  847 29.128 0 0 0
  848 29.1624 0 0 0
  849 29.1968 0 0 0
  850 29.2312 0 0 0
  851 29.2656 0 0 0
  852 29.3 0 0 0
  853 29.3344 0 0 0
  854 29.3688 0 0 0
  855 29.4033 0 0 0
  856 29.4377 0 0 0
  857 29.4721 0 0 0
  858 29.5065 0 0 0
  859 29.5409 0 0 0
  860 29.5753 0 0 0
  861 29.6097 0 0 0
  862 29.6441 0 0 0
  863 29.6785 0 0 0
  864 29.7129 0 0 0
  865 29.7474 0 0 0
  866 29.7818 0 0 0
  867 29.8162 0 0 0
  868 29.8506 0 0 0
  869 29.885 0 0 0
  870 29.9194 0 0 0
  871 29.9538 0 0 0
  872 29.9882 0 0 0
  873 30.0226 0 0 0
  874 30.057 0 0 0
  875 30.0915 0 0 0
  876 30.1259 0 0 0
  877 30.1603 0 0 0
  878 30.1947 0 0 0
  879 30.2291 0 0 0
  880 30.2635 0 0 0
  881 30.2979 0 0 0
  882 30.3323 0 0 0
  883 30.3667 0 0 0
  884 30.4011 0 0 0
  885 30.4356 0 0 0
  886 30.47 0 0 0
  887 30.5044 0 0 0
  888 30.5388 0 0 0
  889 30.5732 0 0 0
  890 30.6076 0 0 0
  891 30.642 0 0 0
  892 30.6764 0 0 0
  893 30.7108 0 0 0
  894 30.7452 0 0 0
  895 30.7797 0 0 0
  896 30.8141 0 0 0
  897 30.8485 0 0 0
  898 30.8829 0 0 0
  899 30.9173 0 0 0
  900 30.9517 0 0 0
  901 30.9861 0 0 0
  902 31.0205 0 0 0
  903 31.0549 0 0 0
  904 31.0893 0 0 0
  905 31.1237 0 0 0
  906 31.1582 0 0 0
  907 31.1926 0 0 0
  908 31.227 0 0 0
  909 31.2614 0 0 0
  910 31.2958 0 0 0
  911 31.3302 0 0 0
  912 31.3646 0 0 0
  913 31.399 0 0 0
  914 31.4334 0 0 0
  915 31.4678 0 0 0
  916 31.5023 0 0 0
  917 31.5367 0 0 0
  918 31.5711 0 0 0
  919 31.6055 0 0 0
  920 31.6399 0 0 0
  921 31.6743 0 0 0
  922 31.7087 0 0 0
  923 31.7431 0 0 0
  924 31.7775 0 0 0
  925 31.8119 0 0 0
  926 31.8464 0 0 0
  927 31.8808 0 0 0
  928 31.9152 0 0 0
  929 31.9496 0 0 0
  930 31.984 0 0 0
  931 32.0184 0 0 0
  932 32.0528 0 0 0
  933 32.0872 0 0 0
  934 32.1216 0 0 0
  935 32.156 0 0 0
  936 32.1905 0 0 0
  937 32.2249 0 0 0
  938 32.2593 0 0 0
  939 32.2937 0 0 0
  940 32.3281 0 0 0
  941 32.3625 0 0 0
  942 32.3969 0 0 0
  943 32.4313 0 0 0
  944 32.4657 0 0 0
  945 32.5001 0 0 0
  946 32.5346 0 0 0
  947 32.569 0 0 0
  948 32.6034 0 0 0
  949 32.6378 0 0 0
  950 32.6722 0 0 0
  951 32.7066 0 0 0
  952 32.741 0 0 0
  953 32.7754 0 0 0
  954 32.8098 0 0 0
  955 32.8442 0 0 0
  956 32.8787 0 0 0
  957 32.9131 0 0 0
  958 32.9475 0 0 0
  959 32.9819 0 0 0
  960 33.0163 0 0 0
  961 33.0507 0 0 0
  962 33.0851 0 0 0
  963 33.1195 0 0 0
  964 33.1539 0 0 0
  965 33.1883 0 0 0
  966 33.2228 0 0 0
  967 33.2572 0 0 0
  968 33.2916 0 0 0
  969 33.326 0 0 0
  970 33.3604 0 0 0
  971 33.3948 0 0 0
  972 33.4292 0 0 0
  973 33.4636 0 0 0
  974 33.498 0 0 0
  975 33.5324 0 0 0
  976 33.5669 0 0 0
  977 33.6013 0 0 0
  978 33.6357 0 0 0
  979 33.6701 0 0 0
  980 33.7045 0 0 0
  981 33.7389 0 0 0
  982 33.7733 0 0 0
  983 33.8077 0 0 0
  984 33.8421 0 0 0
  985 33.8765 0 0 0
  986 33.911 0 0 0
  987 33.9454 0 0 0
  988 33.9798 0 0 0
  989 34.0142 0 0 0
  990 34.0486 0 0 0
  991 34.083 0 0 0
  992 34.1174 0 0 0
  993 34.1518 0 0 0
  994 34.1862 0 0 0
  995 34.2206 0 0 0
  996 34.255 0 0 0
  997 34.2895 0 0 0
  998 34.3239 0 0 0
  999 34.3583 0 0 0
  1000 34.3927 0 0 0
24000 1000 9376
  1 0.0172049 722 -0.025 0
  2 0.0516148 0 0 0
  3 0.0860247 0 0 0
  4 0.120435 0 0 0
  5 0.154845 0 0 0
  6 0.189254 0 0 0
  7 0.223664 0 0 0
  8 0.258074 0 0 0
  9 0.292484 0 0 0
  10 0.326894 0 0 0
  11 0.361304 0 0 0
  12 0.395714 0 0 0
  13 0.430124 0 0 0
  14 0.464534 0 0 0
  15 0.498943 0 0 0
  16 0.533353 0 0 0
  17 0.567763 0 0 0
  18 0.602173 0 0 0
  19 0.636583 0 0 0
  20 0.670993 0 0 0
  21 0.705403 0 0 0
  22 0.739813 4.175 0.00148134 -0.0700882
  23 0.774223 283.225 -0.0146373 -0.00223465
  24 0.808633 386.525 -0.0159571 -0.0182548
  25 0.843042 46.925 -0.030692 0.0211552
  26 0.877452 1.15 0.0829046 -0.144849
  27 0.911862 0 0 0
  28 0.946272 0 0 0
  29 0.980682 0 0 0
  30 1.01509 0 0 0
  31 1.0495 0 0 0
  32 1.08391 0 0 0
  33 1.11832 0 0 0
  34 1.15273 0 0 0
  35 1.18714 0 0 0
  36 1.22155 0 0 0
  37 1.25596 0 0 0
  38 1.29037 0 0 0
  39 1.32478 0 0 0
  40 1.35919 0 0 0
  41 1.3936 0 0 0
  42 1.42801 0 0 0
  43 1.46242 0 0 0
  44 1.49683 0 0 0
  45 1.53124 9.5 -0.0477931 -0.00285994
  46 1.56565 230.8 -0.0120332 -0.00348578
  47 1.60006 372.025 -0.021568 0.0136594
  48 1.63447 99.8 -0.0309712 -0.0127351
  49 1.66888 9.475 -0.131372 -0.0539604
  50 1.70329 0.4 0.700514 -0.0906524
  51 1.7377 0 0 0
  52 1.77211 0 0 0
  53 1.80652 0 0 0
  54 1.84093 0 0 0
  55 1.87534 0 0 0
  56 1.90975 0 0 0
  57 1.94416 0 0 0
  58 1.97857 0 0 0
  59 2.01298 0 0 0
  60 2.04739 0 0 0
  61 2.0818 0 0 0
  62 2.11621 0 0 0
  63 2.15062 0 0 0
  64 2.18503 0 0 0
  65 2.21944 0 0 0
  66 2.25385 0 0 0
  67 2.28826 0.725 -0.0941364 -0.221541
  68 2.32267 22.9 -0.0217729 0.00570715
  69 2.35708 193.075 -0.0173678 0.00883606
  70 2.39149 323.175 -0.0407326 -0.00497355
  71 2.4259 147.775 -0.0360907 -0.000666081
  72 2.46031 31.3 -0.0611345 0.00950103
  73 2.49472 3.3 0.0767962 -0.0555928
  74 2.52913 0.55 -0.053026 0.0241733
  75 2.56354 0.725 -0.0639134 -0.121975
  76 2.59795 0.975 -0.206975 0.215028
  77 2.63236 1.575 0.119616 0.0537372
  78 2.66677 2.35 0.0076945 -0.256714
  79 2.70118 2.925 0.0484278 0.276894
  80 2.73559 4.325 -0.059507 0.221929
  81 2.77 4.975 0.00909315 0.119744
  82 2.80441 5.075 0.00964866 0.0420478
  83 2.83882 6.225 -0.0787334 0.0746004
  84 2.87323 5.85 0.0823867 0.0773815
  85 2.90764 6.725 -0.0882629 -0.0186115
  86 2.94205 4.275 0.00217221 0.107047
  87 2.97646 4.3 -0.113275 0.171438
  88 3.01087 3.3 -0.0850759 0.0242079
  89 3.04528 2.275 -0.0603115 0.0835799
  90 3.07969 1.9 -0.0223431 -0.12467
  91 3.1141 2.025 0.111527 -0.0285988
  92 3.14851 2.775 0.162941 -0.12432
  93 3.18292 3.925 -0.207759 0.0716378
  94 3.21733 7.6 -0.0675067 -0.149454
  95 3.25174 10.925 -0.072973 0.0539652
  96 3.28614 14.675 0.0679321 -0.0301639
  97 3.32055 17.85 -0.00606616 -0.127375
  98 3.35496 22 0.0343198 -0.0272366
  99 3.38937 24.325 -0.0583806 0.0237229
  100 3.42378 24.225 0.0155708 0.0392427
  101 3.45819 25.725 -0.0200727 -0.0617862
  102 3.4926 25.875 0.013513 -0.0697739
  103 3.52701 25.05 -0.0412769 -0.00112507
  104 3.56142 26.2 0.000975882 -0.0812958
  105 3.59583 25.325 -0.0801388 -0.0108893
  106 3.63024 25.325 0.0204281 0.0608396
  107 3.66465 24.65 -0.0383874 0.038663
  108 3.69906 25.575 -0.0256747 -0.0221049
  109 3.73347 26.025 0.0256728 -0.0306338
  110 3.76788 25.925 -0.0231738 -0.0566618
  111 3.80229 24.675 -0.038878 -0.0089679
  112 3.8367 23.575 0.0339232 0.0236575
  113 3.87111 23.65 -0.0777968 -0.0260966
  114 3.90552 23.5 -0.0984146 -0.026259
  115 3.93993 23.1 0.0384453 -0.0120887
  116 3.97434 22.9 -0.105466 0.0714695
  117 4.00875 22 -0.056207 0.0149834
  118 4.04316 21.5 0.0252985 0.0259551
  119 4.07757 20.15 -0.0136608 -0.0456453
  120 4.11198 20.925 -0.0198867 0.00286345
  121 4.14639 20.375 0.0283672 -0.00195597
  122 4.1808 19.175 0.000210711 -0.0757209
  123 4.21521 20.5 0.0123463 0.0167616
  124 4.24962 21.675 -0.143702 -0.0111486
  125 4.28403 19.875 -0.00407503 -0.043678
  126 4.31844 20.425 0.043274 -0.0721587
  127 4.35285 19.75 -0.0528059 0.00700564
  128 4.38726 19.6 0.0370784 -0.0499598
  129 4.42167 18.725 -0.072472 -0.0783239
  130 4.45608 18.575 0.0390701 0.0245602
  131 4.49049 19.825 -0.0835066 -0.0397504
  132 4.5249 20.1 -0.0363397 0.0269629
  133 4.55931 20.675 0.0338015 0.0704126
  134 4.59372 20.1 -0.0149808 0.0257354
  135 4.62813 20.775 0.064298 0.0548764
  136 4.66254 21.425 -0.0402547 0.0266636
  137 4.69695 20.125 0.00639156 0.00854786
  138 4.73136 20.475 -0.0332361 -0.0314154
  139 4.76577 20.3 0.0685438 -0.0142252
  140 4.80018 21.65 -0.00513916 -0.0641875
  141 4.83459 21.125 -0.0291926 -0.00393436
  142 4.869 21.15 -0.0293702 0.0625042
  143 4.90341 20.45 -0.123391 0.0269451
  144 4.93782 20.675 -0.00348538 0.0225144
  145 4.97223 20.7 0.0100783 0.0020221
  146 5.00664 20.35 -0.131564 -0.00264389
  147 5.04105 19.275 -0.0411057 0.0824125
  148 5.07546 21.3 0.0439299 -0.00663595
  149 5.10987 22.25 0.0621129 0.0182713
  150 5.14428 20.175 0.0232649 -0.0355212
  151 5.17869 20.05 -0.0607771 0.000235157
  152 5.2131 20.325 0.0430131 -0.0275013
  153 5.24751 22.225 0.00645565 0.0109147
  154 5.28192 21.5 0.0392737 -0.00807402
  155 5.31633 20.8 -0.00235807 0.0241979
  156 5.35074 21.525 -0.0513002 -0.0207488
  157 5.38515 21.25 -0.00883311 0.0705638
  158 5.41956 21 0.0447848 0.0661642
  159 5.45397 20 -0.0638818 -0.0263313
  160 5.48838 21.925 0.0339897 -0.0551453
  161 5.52279 21.75 -0.0237062 0.00408906
  162 5.5572 20.65 -0.0286009 -0.0282789
  163 5.59161 20.875 0.0158238 -0.0995276
  164 5.62602 20.8 0.0190699 0.0148413
  165 5.66043 19.4 0.0207681 -0.13168
  166 5.69484 20.375 0.00364925 -0.05802
  167 5.72925 20.5 -0.0145622 0.00257965
  168 5.76366 19.25 0.0373536 -0.0048965
  169 5.79807 21 0.012156 -0.00248405
  170 5.83248 22.275 0.0482109 0.0153918
  171 5.86689 21.875 0.038315 0.0645994
  172 5.9013 19.85 -0.00755955 -0.102563
  173 5.93571 20.35 0.0505518 -0.0518039
  174 5.97012 20.325 0.0468372 -0.0354274
  175 6.00453 21.075 -0.0226008 -0.00623567
  176 6.03894 19.575 0.0253019 0.0413421
  177 6.07335 20.475 0.0120967 0.0160618
  178 6.10776 21.4 0.0791575 -0.0426692
  179 6.14217 20.325 0.0523937 0.0314073
  180 6.17658 20.675 -0.0544216 0.0360346
  181 6.21099 19.975 -0.00137352 0.0129401
  182 6.2454 21.875 0.0478894 0.0881405
  183 6.27981 19.625 0.0509276 -0.0194019
  184 6.31422 22.25 -0.0246672 -0.0239493
  185 6.34863 21.525 0.0256342 -0.00707561
  186 6.38304 22.475 -0.0117327 -0.085123
  187 6.41745 21.175 -0.0657828 -0.0265825
  188 6.45186 21.3 0.0322939 0.0448719
  189 6.48627 22.7 -0.01323 0.00139695
  190 6.52067 22 0.0102073 -0.00701679
  191 6.55508 21.95 0.00625618 0.00142191
  192 6.58949 22.2 -0.0495951 0.0360535
  193 6.6239 21.9 -0.00286987 -0.0266658
  194 6.65831 21.675 0.0588871 -0.0319474
  195 6.69272 24.325 -0.0127336 0.00418902
  196 6.72713 22.375 -0.0471794 0.0651327
  197 6.76154 23.575 0.0402043 -0.0958276
  198 6.79595 22.05 0.0409522 -0.000519584
  199 6.83036 22.05 0.0884314 0.0389326
  200 6.86477 20.075 0.0991494 0.0875878
  201 6.89918 19.95 -0.00994667 0.0898442
  202 6.93359 18.4 -0.0399187 0.00965794
  203 6.968 20 0.0426748 0.00930062
  204 7.00241 20.75 -0.0869323 0.0360136
  205 7.03682 19.825 0.0345815 -0.0106195
  206 7.07123 19.975 0.012121 0.034507
  207 7.10564 18.85 -0.00563688 -0.0216142
  208 7.14005 19.75 -0.00682579 -0.044646
  209 7.17446 19.75 0.0580457 0.0501289
  210 7.20887 19.35 -0.00845902 -0.00602188
  211 7.24328 19.35 0.0308226 0.0104303
  212 7.27769 18.525 0.0254808 -0.0113261
  213 7.3121 18.175 0.0479461 0.00598967
  214 7.34651 17.475 0.0134875 -0.0286058
  215 7.38092 18.175 -0.0220163 0.0444987
  216 7.41533 18.425 0.0218543 0.00312992
  217 7.44974 18.175 0.0527308 0.0462725
  218 7.48415 17.675 0.000672499 0.0233739
  219 7.51856 16.5 -0.0593988 -0.0374635
  220 7.55297 16.925 -0.0126524 -0.01651
  221 7.58738 18.45 -0.014759 0.0672056
  222 7.62179 20.575 -0.0237844 0.016061
  223 7.6562 28.975 -0.00187655 0.0165228
  224 7.69061 32.75 -0.00267014 0.0204047
  225 7.72502 23.775 0.0622477 -0.0423595
  226 7.75943 26.525 0.0455055 -0.0925876
  227 7.79384 31 -0.044099 -0.0362365
  228 7.82825 24.45 0.0891029 0.0263207
  229 7.86266 16 -0.0101368 0.0882664
  230 7.89707 15.875 0.0375538 -0.11607
  231 7.93148 17.95 0.0204826 -0.0275945
  232 7.96589 20.775 0.025384 -0.0321073
  233 8.0003 28.625 0.0893983 -0.00890477
  234 8.03471 26.55 -0.0202166 -0.0121903
  235 8.06912 18.9 -0.029185 0.0279031
  236 8.10353 15.4 -0.00784937 -0.0199354
  237 8.13794 15.4 0.0812958 -0.106351
  238 8.17235 16.4 -0.0215673 -0.0174038
  239 8.20676 19.65 -0.0877135 0.0494729
  240 8.24117 22.425 -0.0584027 0.00191757
  241 8.27558 20.95 -0.0685355 0.0163431
  242 8.30999 17.625 0.00386357 0.105814
  243 8.3444 22.8 -0.00408592 0.0141831
  244 8.37881 19.975 -0.0107568 0.00633918
  245 8.41322 17.275 -0.103899 0.0886441
  246 8.44763 24.175 -0.0313382 -0.0252065
  247 8.48204 37.225 0.00967827 0.0216522
  248 8.51645 26.225 0.0335267 -0.0192893
  249 8.55086 27.175 0.0304812 0.061492
  250 8.58527 36.625 -0.0209438 0.0123329
  251 8.61968 22.15 0.0240816 0.0169979
  252 8.65409 14.275 0.00293558 0.0211845
  253 8.6885 14.675 0.00934252 0.0489707
  254 8.72291 20.55 0.0100886 0.0493203
  255 8.75732 27.85 -0.00126033 0.0376072
  256 8.79173 34.5 0.0131365 -0.00428129
  257 8.82614 34.075 0.00810573 -0.00954747
  258 8.86055 19.175 -0.0437814 -0.0253463
  259 8.89496 13.525 -0.0821432 -0.0632038
  260 8.92937 12.225 -0.0840465 0.0475625
  261 8.96378 13.85 -0.0591125 -0.0099863
  262 8.99819 16.125 -0.0025321 0.0495541
  263 9.0326 20.275 -0.095951 -0.0286064
  264 9.06701 20.3 -0.0899489 -0.068698
  265 9.10142 21.775 -0.0280428 0.0472719
  266 9.13583 34.65 -0.0415751 -0.00863225
  267 9.17024 28.625 0.0137905 0.012755
  268 9.20465 14.075 -0.0161792 -0.0457377
  269 9.23906 17.1 0.0168645 -0.0697438
  270 9.27347 36.75 -0.0123203 -0.0129817
  271 9.30788 21.475 0.00363117 -0.0438248
  272 9.34229 23.875 0.0679105 0.00984145
  273 9.3767 37.875 -0.0271545 -0.0040905
  274 9.41111 29.225 0.000917543 -0.019085
  275 9.44552 18.35 0.0323382 -0.0518243
  276 9.47993 16.55 0.128208 -0.0116454
  277 9.51434 18 0.0554631 -0.046109
  278 9.54875 27.225 0.0263454 0.0385371
  279 9.58316 35.575 0.0424308 0.0249602
  280 9.61757 36.475 0.0365262 0.0272664
  281 9.65198 24.875 -0.00680099 0.0232752
  282 9.68639 19.075 -0.0321071 -0.0486467
  283 9.7208 10.9 0.00966169 -0.0598003
  284 9.75521 5.425 0.107501 -0.0513427
  285 9.78961 6.225 -0.074105 0.0639222
  286 9.82402 15.125 0.013414 0.0114389
  287 9.85843 17.3 0.0622394 -0.00149659
  288 9.89284 25.525 -0.0239506 -0.00586927
  289 9.92725 38.25 0.0325463 0.00237666
  290 9.96166 34.175 -0.00340101 -0.00627362
  291 9.99607 10.475 0.125458 0.0150909
  292 10.0305 6.075 -0.0863064 0.00544454
  293 10.0649 47.2 0.0299187 -0.00744591
  294 10.0993 26.5 0.0343413 -0.0417576
  295 10.1337 22.475 0.0405644 0.0235782
  296 10.1681 44.825 0.0110974 0.00633842
  297 10.2025 15.7 -0.0311238 0.0215853
  298 10.2369 20.45 -0.046143 0.00140997
  299 10.2714 27.35 0.0545141 -0.00211384
  300 10.3058 20.025 0.0588486 0.0279151
  301 10.3402 31.15 -0.0014092 -0.00208356
  302 10.3746 44.325 0.0329769 0.0185111
  303 10.409 47.375 0.027475 0.0175097
  304 10.4434 32.525 0.0182272 0.0243206
  305 10.4778 24.45 -0.0174927 -0.0427405
  306 10.5122 19.35 -0.0514155 0.009206
  307 10.5466 16.4 0.0327866 0.075662
  308 10.581 15.325 0.0018926 0.00574896
  309 10.6155 37.575 0.0612106 -0.00622575
  310 10.6499 32.2 0.123369 0.0240764
  311 10.6843 58.075 0.03015 -0.0188076
  312 10.7187 58.975 0.0385098 0.0155809
  313 10.7531 48.375 -0.0119405 0.0110296
  314 10.7875 8.475 0.0239664 -0.027269
  315 10.8219 1.3 0.253339 -0.0747001
  316 10.8563 6.375 -0.0123131 0.0387504
  317 10.8907 19.7 0.0157886 0.0144525
  318 10.9251 27.975 -0.00270523 0.00625469
  319 10.9596 3.5 0.0150549 -0.0203474
  320 10.994 15.65 0.0622662 -0.0210432
  321 11.0284 20.125 0.00334764 0.0184384
  322 11.0628 37.175 0.00563252 0.0180155
  323 11.0972 17 0.00525794 -0.00843282
  324 11.1316 33.425 -0.0112761 -0.0296527
  325 11.166 21.55 0.0546813 -0.00212072
  326 11.2004 34.55 0.0423095 -0.0295629
  327 11.2348 25.675 0.0102687 -0.0315748
  328 11.2692 23.55 0.0433327 -0.00472765
  329 11.3037 22.45 -0.0378779 -0.0373868
  330 11.3381 23.9 0.00314047 -0.0138647
  331 11.3725 18.95 -0.0112844 -0.0153524
  332 11.4069 20.45 0.0508476 -0.00737165
  333 11.4413 24.65 0.0734298 0.000892038
  334 11.4757 55.925 0.045765 0.00715778
  335 11.5101 68.825 0.0200128 0.0105588
  336 11.5445 31.6 0.0266273 0.0347948
  337 11.5789 9.85 0.0442758 -0.0176169
  338 11.6133 5.95 -0.13657 0.0805653
  339 11.6477 11.275 0.0357918 -0.0386313
  340 11.6822 23.375 0.0166789 -0.0242382
  341 11.7166 12.025 -0.023526 0.0351311
  342 11.751 0.15 -0.314147 -0.218768
  343 11.7854 19.325 0.0165383 -0.00342491
  344 11.8198 9.05 0.0511594 -0.00464644
  345 11.8542 45.725 0.0133788 0.000292669
  346 11.8886 16.85 -0.0262307 0.0121845
  347 11.923 10.375 0.0565926 -0.0175455
  348 11.9574 26.525 0.0254919 0.0204881
  349 11.9918 13.975 -0.0047753 0.0264735
  350 12.0263 18 0.0601466 0.0361188
  351 12.0607 22.4 0.00938926 -0.0162832
  352 12.0951 30.725 -0.00115623 0.0322855
  353 12.1295 23.7 0.0284438 0.0523209
  354 12.1639 20.675 0.00329349 -0.0379696
  355 12.1983 18.75 0.0402325 -0.0164332
  356 12.2327 20.525 0.0331349 0.0497349
  357 12.2671 53.575 0.0173857 0.00582806
  358 12.3015 61.575 0.00114792 0.00840243
  359 12.3359 3.4 -0.0346827 -0.0911246
  360 12.3704 18.525 0.0281225 -0.00423754
  361 12.4048 4.925 0.0695183 0.197401
  362 12.4392 10.675 0.0195212 -0.0406656
  363 12.4736 38.025 0.0238327 0.000520726
  364 12.508 0 0 0
  365 12.5424 0 0 0
  366 12.5768 0.225 -0.149618 -0.203881
  367 12.6112 4.85 -0.00769231 0.0140071
  368 12.6456 29.925 0.031072 4.88988e-05
  369 12.68 19.15 0.0359531 -0.00476493
  370 12.7145 18.05 0.025 0
  371 12.7489 0 0 0
  372 12.7833 18.05 0.025 0
  373 12.8177 18.05 0.025 0
  374 12.8521 0 0 0
  375 12.8865 18.675 0.0272402 -0.00291872
  376 12.9209 23.9 0.0480991 -0.0135557
  377 12.9553 10.775 0.0701652 0.0313542
  378 12.9897 18.85 0.0420318 -0.00448573
  379 13.0241 18.05 0.025 0
  380 13.0586 36.1 0.025 0
  381 13.093 54.15 0.025 0
  382 13.1274 0 0 0
  383 13.1618 0.125 0.0693253 0.869707
  384 13.1962 3.125 0.177257 0.10341
  385 13.2306 12.55 0.0425311 -0.03572
  386 13.265 2.25 -0.0249558 -0.0736104
  387 13.2994 0 0 0
  388 13.3338 0 0 0
  389 13.3682 0 0 0
  390 13.4027 0 0 0
  391 13.4371 18.05 0.025 0
  392 13.4715 0 0 0
  393 13.5059 0 0 0
  394 13.5403 0 0 0
  395 13.5747 0 0 0
  396 13.6091 0 0 0
  397 13.6435 0 0 0
  398 13.6779 0 0 0
  399 13.7123 0 0 0
  400 13.7468 18.05 0.025 0
  401 13.7812 0 0 0
  402 13.8156 0 0 0
  403 13.85 0 0 0
  404 13.8844 0 0 0
  405 13.9188 0 0 0
  406 13.9532 0 0 0
  407 13.9876 0 0 0
  408 14.022 18.05 0.025 0
  409 14.0564 0 0 0
  410 14.0909 0 0 0
  411 14.1253 0 0 0
  412 14.1597 0 0 0
  413 14.1941 0 0 0
  414 14.2285 0 0 0
  415 14.2629 0 0 0
  416 14.2973 0 0 0
  417 14.3317 0 0 0
  418 14.3661 0 0 0
  419 14.4005 0 0 0
  420 14.435 0 0 0
  421 14.4694 0 0 0
  422 14.5038 0 0 0
  423 14.5382 0 0 0
  424 14.5726 0 0 0
  425 14.607 0 0 0
  426 14.6414 0 0 0
  427 14.6758 0 0 0
  428 14.7102 0 0 0
  429 14.7446 0 0 0
  430 14.779 0 0 0
  431 14.8135 0 0 0
  432 14.8479 0 0 0
  433 14.8823 0 0 0
  434 14.9167 0 0 0
  435 14.9511 0 0 0
  436 14.9855 0 0 0
  437 15.0199 0 0 0
  438 15.0543 0 0 0
  439 15.0887 0 0 0
  440 15.1231 0 0 0
  441 15.1576 0 0 0
  442 15.192 0 0 0
  443 15.2264 0 0 0
  444 15.2608 0 0 0
  445 15.2952 0 0 0
  446 15.3296 0 0 0
  447 15.364 0 0 0
  448 15.3984 0 0 0
  449 15.4328 0 0 0
  450 15.4672 0 0 0
  451 15.5017 0 0 0
  452 15.5361 0 0 0
  453 15.5705 0 0 0
  454 15.6049 0 0 0
  455 15.6393 0 0 0
  456 15.6737 0 0 0
  457 15.7081 0 0 0
  458 15.7425 0 0 0
  459 15.7769 0 0 0
  460 15.8113 0 0 0
  461 15.8458 0 0 0
  462 15.8802 0 0 0
  463 15.9146 0 0 0
  464 15.949 0 0 0
  465 15.9834 0 0 0
  466 16.0178 0 0 0
  467 16.0522 0 0 0
  468 16.0866 0 0 0
  469 16.121 0 0 0
  470 16.1554 0 0 0
  471 16.1899 0 0 0
  472 16.2243 0 0 0
  473 16.2587 0 0 0
  474 16.2931 0 0 0
  475 16.3275 0 0 0
  476 16.3619 0 0 0
  477 16.3963 0 0 0
  478 16.4307 0 0 0
  479 16.4651 0 0 0
  480 16.4995 0 0 0
  481 16.534 0 0 0
  482 16.5684 0 0 0
  483 16.6028 0 0 0
  484 16.6372 0 0 0
  485 16.6716 0 0 0
  486 16.706 0 0 0
  487 16.7404 0 0 0
  488 16.7748 0 0 0
  489 16.8092 0 0 0
  490 16.8436 0 0 0
  491 16.8781 0 0 0
  492 16.9125 0 0 0
  493 16.9469 0 0 0
  494 16.9813 0 0 0
  495 17.0157 0 0 0
  496 17.0501 0 0 0
  497 17.0845 0 0 0
  498 17.1189 0 0 0
  499 17.1533 0 0 0
  500 17.1877 0 0 0
  501 17.2222 0 0 0
  502 17.2566 0 0 0
  503 17.291 0 0 0
  504 17.3254 0 0 0
  505 17.3598 0 0 0
  506 17.3942 0 0 0
  507 17.4286 0 0 0
  508 17.463 0 0 0
  509 17.4974 0 0 0
  510 17.5318 0 0 0
  511 17.5663 0 0 0
  512 17.6007 0 0 0
  513 17.6351 0 0 0
  514 17.6695 0 0 0
  515 17.7039 0 0 0
  516 17.7383 0 0 0
  517 17.7727 0 0 0
  518 17.8071 0 0 0
  519 17.8415 0 0 0
  520 17.8759 0 0 0
  521 17.9103 0 0 0
  522 17.9448 0 0 0
  523 17.9792 0 0 0
  524 18.0136 0 0 0
  525 18.048 0 0 0
  526 18.0824 0 0 0
  527 18.1168 0 0 0
  528 18.1512 0 0 0
  529 18.1856 0 0 0
  530 18.22 0 0 0
  531 18.2544 0 0 0
  532 18.2889 0 0 0
  533 18.3233 0 0 0
  534 18.3577 0 0 0
  535 18.3921 0 0 0
  536 18.4265 0 0 0
  537 18.4609 0 0 0
  538 18.4953 0 0 0
  539 18.5297 0 0 0
  540 18.5641 0 0 0
  541 18.5985 0 0 0
  542 18.633 0 0 0
  543 18.6674 0 0 0
  544 18.7018 0 0 0
  545 18.7362 0 0 0
  546 18.7706 0 0 0
  547 18.805 0 0 0
  548 18.8394 0 0 0
  549 18.8738 0 0 0
  550 18.9082 0 0 0
  551 18.9426 0 0 0
  552 18.9771 0 0 0
  553 19.0115 0 0 0
  554 19.0459 0 0 0
  555 19.0803 0 0 0
  556 19.1147 0 0 0
  557 19.1491 0 0 0
  558 19.1835 0 0 0
  559 19.2179 0 0 0
  560 19.2523 0 0 0
  561 19.2867 0 0 0
  562 19.3212 0 0 0
  563 19.3556 0 0 0
  564 19.39 0 0 0
  565 19.4244 0 0 0
  566 19.4588 0 0 0
  567 19.4932 0 0 0
  568 19.5276 0 0 0
  569 19.562 0 0 0
  570 19.5964 0 0 0
  571 19.6308 0 0 0
  572 19.6653 0 0 0
  573 19.6997 0 0 0
  574 19.7341 0 0 0
  575 19.7685 0 0 0
  576 19.8029 0 0 0
  577 19.8373 0 0 0
  578 19.8717 0 0 0
  579 19.9061 0 0 0
  580 19.9405 0 0 0
  581 19.9749 0 0 0
  582 20.0094 0 0 0
  583 20.0438 0 0 0
  584 20.0782 0 0 0
  585 20.1126 0 0 0
  586 20.147 0 0 0
  587 20.1814 0 0 0
  588 20.2158 0 0 0
  589 20.2502 0 0 0
  590 20.2846 0 0 0
  591 20.319 0 0 0
  592 20.3535 0 0 0
  593 20.3879 0 0 0
  594 20.4223 0 0 0
  595 20.4567 0 0 0
  596 20.4911 0 0 0
  597 20.5255 0 0 0
  598 20.5599 0 0 0
  599 20.5943 0 0 0
  600 20.6287 0 0 0
  601 20.6631 0 0 0
  602 20.6976 0 0 0
  603 20.732 0 0 0
  604 20.7664 0 0 0
  605 20.8008 0 0 0
  606 20.8352 0 0 0
  607 20.8696 0 0 0
  608 20.904 0 0 0
  609 20.9384 0 0 0
  610 20.9728 0 0 0
  611 21.0072 0 0 0
  612 21.0417 0 0 0
  613 21.0761 0 0 0
  614 21.1105 0 0 0
  615 21.1449 0 0 0
  616 21.1793 0 0 0
  617 21.2137 0 0 0
  618 21.2481 0 0 0
  619 21.2825 0 0 0
  620 21.3169 0 0 0
  621 21.3513 0 0 0
  622 21.3857 0 0 0
  623 21.4202 0 0 0
  624 21.4546 0 0 0
  625 21.489 0 0 0
  626 21.5234 0 0 0
  627 21.5578 0 0 0
  628 21.5922 0 0 0
  629 21.6266 0 0 0
  630 21.661 0 0 0
  631 21.6954 0 0 0
  632 21.7298 0 0 0
  633 21.7643 0 0 0
  634 21.7987 0 0 0
  635 21.8331 0 0 0
  636 21.8675 0 0 0
  637 21.9019 0 0 0
  638 21.9363 0 0 0
  639 21.9707 0 0 0
  640 22.0051 0 0 0
  641 22.0395 0 0 0
  642 22.0739 0 0 0
  643 22.1084 0 0 0
  644 22.1428 0 0 0
  645 22.1772 0 0 0
  646 22.2116 0 0 0
  647 22.246 0 0 0
  648 22.2804 0 0 0
  649 22.3148 0 0 0
  650 22.3492 0 0 0
  651 22.3836 0 0 0
  652 22.418 0 0 0
  653 22.4525 0 0 0
  654 22.4869 0 0 0
  655 22.5213 0 0 0
  656 22.5557 0 0 0
  657 22.5901 0 0 0
  658 22.6245 0 0 0
  659 22.6589 0 0 0
  660 22.6933 0 0 0
  661 22.7277 0 0 0
  662 22.7621 0 0 0
  663 22.7966 0 0 0
  664 22.831 0 0 0
  665 22.8654 0 0 0
  666 22.8998 0 0 0
  667 22.9342 0 0 0
  668 22.9686 0 0 0
  669 23.003 0 0 0
  670 23.0374 0 0 0
  671 23.0718 0 0 0
  672 23.1062 0 0 0
  673 23.1407 0 0 0
  674 23.1751 0 0 0
  675 23.2095 0 0 0
  676 23.2439 0 0 0
  677 23.2783 0 0 0
  678 23.3127 0 0 0
  679 23.3471 0 0 0
  680 23.3815 0 0 0
  681 23.4159 0 0 0
  682 23.4503 0 0 0
  683 23.4848 0 0 0
  684 23.5192 0 0 0
  685 23.5536 0 0 0
  686 23.588 0 0 0
  687 23.6224 0 0 0
  688 23.6568 0 0 0
  689 23.6912 0 0 0
  690 23.7256 0 0 0
  691 23.76 0 0 0
  692 23.7944 0 0 0
  693 23.8289 0 0 0
  694 23.8633 0 0 0
  695 23.8977 0 0 0
  696 23.9321 0 0 0
  697 23.9665 0 0 0
  698 24.0009 0 0 0
  699 24.0353 0 0 0
  700 24.0697 0 0 0
  701 24.1041 0 0 0
  702 24.1385 0 0 0
  703 24.173 0 0 0
  704 24.2074 0 0 0
  705 24.2418 0 0 0
  706 24.2762 0 0 0
  707 24.3106 0 0 0
  708 24.345 0 0 0
  709 24.3794 0 0 0
  710 24.4138 0 0 0
  711 24.4482 0 0 0
  712 24.4826 0 0 0
  713 24.517 0 0 0
  714 24.5515 0 0 0
  715 24.5859 0 0 0
  716 24.6203 0 0 0
  717 24.6547 0 0 0
  718 24.6891 0 0 0
  719 24.7235 0 0 0
  720 24.7579 0 0 0
  721 24.7923 0 0 0
  722 24.8267 0 0 0
  723 24.8611 0 0 0
  724 24.8956 0 0 0
  725 24.93 0 0 0
  726 24.9644 0 0 0
  727 24.9988 0 0 0
  728 25.0332 0 0 0
  729 25.0676 0 0 0
  730 25.102 0 0 0
  731 25.1364 0 0 0
  732 25.1708 0 0 0
  733 25.2052 0 0 0
  734 25.2397 0 0 0
  735 25.2741 0 0 0
  736 25.3085 0 0 0
  737 25.3429 0 0 0
  738 25.3773 0 0 0
  739 25.4117 0 0 0
  740 25.4461 0 0 0
  741 25.4805 0 0 0
  742 25.5149 0 0 0
  743 25.5493 0 0 0
  744 25.5838 0 0 0
  745 25.6182 0 0 0
  746 25.6526 0 0 0
  747 25.687 0 0 0
  748 25.7214 0 0 0
  749 25.7558 0 0 0
  750 25.7902 0 0 0
  751 25.8246 0 0 0
  752 25.859 0 0 0
  753 25.8934 0 0 0
  754 25.9279 0 0 0
  755 25.9623 0 0 0
  756 25.9967 0 0 0
  757 26.0311 0 0 0
  758 26.0655 0 0 0
  759 26.0999 0 0 0
  760 26.1343 0 0 0
  761 26.1687 0 0 0
  762 26.2031 0 0 0
  763 26.2375 0 0 0
  764 26.272 0 0 0
  765 26.3064 0 0 0
  766 26.3408 0 0 0
  767 26.3752 0 0 0
  768 26.4096 0 0 0
  769 26.444 0 0 0
  770 26.4784 0 0 0
  771 26.5128 0 0 0
  772 26.5472 0 0 0
  773 26.5816 0 0 0
  774 26.6161 0 0 0
  775 26.6505 0 0 0
  776 26.6849 0 0 0
  777 26.7193 0 0 0
  778 26.7537 0 0 0
  779 26.7881 0 0 0
  780 26.8225 0 0 0
  781 26.8569 0 0 0
  782 26.8913 0 0 0
  783 26.9257 0 0 0
  784 26.9602 0 0 0
  785 26.9946 0 0 0
  786 27.029 0 0 0
  787 27.0634 0 0 0
  788 27.0978 0 0 0
  789 27.1322 0 0 0
  790 27.1666 0 0 0
  791 27.201 0 0 0
  792 27.2354 0 0 0
  793 27.2698 0 0 0
  794 27.3043 0 0 0
  795 27.3387 0 0 0
  796 27.3731 0 0 0
  797 27.4075 0 0 0
  798 27.4419 0 0 0
  799 27.4763 0 0 0
  800 27.5107 0 0 0
  801 27.5451 0 0 0
  802 27.5795 0 0 0
  803 27.6139 0 0 0
  804 27.6484 0 0 0
  805 27.6828 0 0 0
  806 27.7172 0 0 0
  807 27.7516 0 0 0
  808 27.786 0 0 0
  809 27.8204 0 0 0
  810 27.8548 0 0 0
  811 27.8892 0 0 0
  812 27.9236 0 0 0
  813 27.958 0 0 0
  814 27.9924 0 0 0
  815 28.0269 0 0 0
  816 28.0613 0 0 0
  817 28.0957 0 0 0
  818 28.1301 0 0 0
  819 28.1645 0 0 0
  820 28.1989 0 0 0
  821 28.2333 0 0 0
  822 28.2677 0 0 0
  823 28.3021 0 0 0
  824 28.3365 0 0 0
  825 28.371 0 0 0
  826 28.4054 0 0 0
  827 28.4398 0 0 0
  828 28.4742 0 0 0
  829 28.5086 0 0 0
  830 28.543 0 0 0
  831 28.5774 0 0 0
  832 28.6118 0 0 0
  833 28.6462 0 0 0
  834 28.6806 0 0 0
  835 28.7151 0 0 0
  836 28.7495 0 0 0
  837 28.7839 0 0 0
  838 28.8183 0 0 0
  839 28.8527 0 0 0
  840 28.8871 0 0 0
  841 28.9215 0 0 0
  842 28.9559 0 0 0
  843 28.9903 0 0 0
  844 29.0247 0 0 0
  845 29.0592 0 0 0
  846 29.0936 0 0 0
  847 29.128 0 0 0
  848 29.1624 0 0 0
  849 29.1968 0 0 0
  850 29.2312 0 0 0
  851 29.2656 0 0 0
  852 29.3 0 0 0
  853 29.3344 0 0 0
  854 29.3688 0 0 0
  855 29.4033 0 0 0
  856 29.4377 0 0 0
  857 29.4721 0 0 0
  858 29.5065 0 0 0
  859 29.5409 0 0 0
  860 29.5753 0 0 0
  861 29.6097 0 0 0
  862 29.6441 0 0 0
  863 29.6785 0 0 0
  864 29.7129 0 0 0
  865 29.7474 0 0 0
  866 29.7818 0 0 0
  867 29.8162 0 0 0
  868 29.8506 0 0 0
  869 29.885 0 0 0
  870 29.9194 0 0 0
  871 29.9538 0 0 0
  872 29.9882 0 0 0
  873 30.0226 0 0 0
  874 30.057 0 0 0
  875 30.0915 0 0 0
  876 30.1259 0 0 0
  877 30.1603 0 0 0
  878 30.1947 0 0 0
  879 30.2291 0 0 0
  880 30.2635 0 0 0
  881 30.2979 0 0 0
  882 30.3323 0 0 0
  883 30.3667 0 0 0
  884 30.4011 0 0 0
  885 30.4356 0 0 0
  886 30.47 0 0 0
  887 30.5044 0 0 0
  888 30.5388 0 0 0
  889 30.5732 0 0 0
  890 30.6076 0 0 0
  891 30.642 0 0 0
  892 30.6764 0 0 0
  893 30.7108 0 0 0
  894 30.7452 0 0 0
  895 30.7797 0 0 0
  896 30.8141 0 0 0
  897 30.8485 0 0 0
  898 30.8829 0 0 0
  899 30.9173 0 0 0
  900 30.9517 0 0 0
  901 30.9861 0 0 0
  902 31.0205 0 0 0
  903 31.0549 0 0 0
  904 31.0893 0 0 0
  905 31.1237 0 0 0
  906 31.1582 0 0 0
  907 31.1926 0 0 0
  908 31.227 0 0 0
  909 31.2614 0 0 0
  910 31.2958 0 0 0
  911 31.3302 0 0 0
  912 31.3646 0 0 0
  913 31.399 0 0 0
  914 31.4334 0 0 0
  915 31.4678 0 0 0
  916 31.5023 0 0 0
  917 31.5367 0 0 0
  918 31.5711 0 0 0
  919 31.6055 0 0 0
  920 31.6399 0 0 0
  921 31.6743 0 0 0
  922 31.7087 0 0 0
  923 31.7431 0 0 0
  924 31.7775 0 0 0
  925 31.8119 0 0 0
  926 31.8464 0 0 0
  927 31.8808 0 0 0
  928 31.9152 0 0 0
  929 31.9496 0 0 0
  930 31.984 0 0 0
  931 32.0184 0 0 0
  932 32.0528 0 0 0
  933 32.0872 0 0 0
  934 32.1216 0 0 0
  935 32.156 0 0 0
  936 32.1905 0 0 0
  937 32.2249 0 0 0
  938 32.2593 0 0 0
  939 32.2937 0 0 0
  940 32.3281 0 0 0
  941 32.3625 0 0 0
  942 32.3969 0 0 0
  943 32.4313 0 0 0
  944 32.4657 0 0 0
  945 32.5001 0 0 0
  946 32.5346 0 0 0
  947 32.569 0 0 0
  948 32.6034 0 0 0
  949 32.6378 0 0 0
  950 32.6722 0 0 0
  951 32.7066 0 0 0
  952 32.741 0 0 0
  953 32.7754 0 0 0
  954 32.8098 0 0 0
  955 32.8442 0 0 0
  956 32.8787 0 0 0
  957 32.9131 0 0 0
  958 32.9475 0 0 0
  959 32.9819 0 0 0
  960 33.0163 0 0 0
  961 33.0507 0 0 0
  962 33.0851 0 0 0
  963 33.1195 0 0 0
  964 33.1539 0 0 0
  965 33.1883 0 0 0
  966 33.2228 0 0 0
  967 33.2572 0 0 0
  968 33.2916 0 0 0
  969 33.326 0 0 0
  970 33.3604 0 0 0
  971 33.3948 0 0 0
  972 33.4292 0 0 0
  973 33.4636 0 0 0
  974 33.498 0 0 0
  975 33.5324 0 0 0
  976 33.5669 0 0 0
  977 33.6013 0 0 0
  978 33.6357 0 0 0
  979 33.6701 0 0 0
  980 33.7045 0 0 0
  981 33.7389 0 0 0
  982 33.7733 0 0 0
  983 33.8077 0 0 0
  984 33.8421 0 0 0
  985 33.8765 0 0 0
  986 33.911 0 0 0
  987 33.9454 0 0 0
  988 33.9798 0 0 0
  989 34.0142 0 0 0
  990 34.0486 0 0 0
  991 34.083 0 0 0
  992 34.1174 0 0 0
  993 34.1518 0 0 0
  994 34.1862 0 0 0
  995 34.2206 0 0 0
  996 34.255 0 0 0
  997 34.2895 0 0 0
  998 34.3239 0 0 0
  999 34.3583 0 0 0
  1000 34.3927 0 0 0
