# Chunk-averaged data for fix tbeads_edz and group file
# Timestep Number-of-chunks Total-count
# Chunk Coord1 Ncount density/number
3000 1000 1800
  1 0.03505 0 0
  2 0.10515 0 0
  3 0.17525 0 0
  4 0.24535 0 0
  5 0.31545 0 0
  6 0.38555 0 0
  7 0.45565 0 0
  8 0.52575 0 0
  9 0.59585 0 0
  10 0.66595 0 0
  11 0.73605 0 0
  12 0.80615 0 0
  13 0.87625 0 0
  14 0.94635 0 0
  15 1.01645 0 0
  16 1.08655 0 0
  17 1.15665 0 0
  18 1.22675 0 0
  19 1.29685 0 0
  20 1.36695 0 0
  21 1.43705 0 0
  22 1.50715 0 0
  23 1.57725 0 0
  24 1.64735 0 0
  25 1.71745 0 0
  26 1.78755 0 0
  27 1.85765 0 0
  28 1.92775 0 0
  29 1.99785 0 0
  30 2.06795 0 0
  31 2.13805 0 0
  32 2.20815 0 0
  33 2.27825 0 0
  34 2.34835 0 0
  35 2.41845 0 0
  36 2.48855 0 0
  37 2.55865 0 0
  38 2.62875 0 0
  39 2.69885 0 0
  40 2.76895 0 0
  41 2.83905 0 0
  42 2.90915 0 0
  43 2.97925 0 0
  44 3.04935 0 0
  45 3.11945 0 0
  46 3.18955 0 0
  47 3.25965 0 0
  48 3.32975 0 0
  49 3.39985 0 0
  50 3.46995 0 0
  51 3.54005 0 0
  52 3.61015 0 0
  53 3.68025 0 0
  54 3.75035 0 0
  55 3.82045 0 0
  56 3.89055 0 0
  57 3.96065 0 0
  58 4.03075 0 0
  59 4.10085 0 0
  60 4.17095 0 0
  61 4.24105 0 0
  62 4.31115 0 0
  63 4.38125 0 0
  64 4.45135 0 0
  65 4.52145 0 0
  66 4.59155 0 0
  67 4.66165 0 0
  68 4.73175 0 0
  69 4.80185 0 0
  70 4.87195 0 0
  71 4.94205 0 0
  72 5.01215 0 0
  73 5.08225 0 0
  74 5.15235 0 0
  75 5.22245 0 0
  76 5.29255 0 0
  77 5.36265 0 0
  78 5.43275 0 0
  79 5.50285 0 0
  80 5.57295 0 0
  81 5.64305 0 0
  82 5.71315 0 0
  83 5.78325 0 0
  84 5.85335 0 0
  85 5.92345 0 0
  86 5.99355 0 0
  87 6.06365 0 0
  88 6.13375 0 0
  89 6.20385 0 0
  90 6.27395 0 0
  91 6.34405 0 0
  92 6.41415 0 0
  93 6.48425 0 0
  94 6.55435 0 0
  95 6.62445 0 0
  96 6.69455 0 0
  97 6.76465 0 0
  98 6.83475 0 0
  99 6.90485 0 0
  100 6.97495 0 0
  101 7.04505 0 0
  102 7.11515 0 0
  103 7.18525 0 0
  104 7.25535 0 0
  105 7.32545 0 0
  106 7.39555 0 0
  107 7.46565 0 0
  108 7.53575 0 0
  109 7.60585 0 0
  110 7.67595 0 0
  111 7.74605 0 0
  112 7.81615 0 0
  113 7.88625 0 0
  114 7.95635 0 0
  115 8.02645 0 0
  116 8.09655 0 0
  117 8.16665 0 0
  118 8.23675 0 0
  119 8.30685 0 0
  120 8.37695 0 0
  121 8.44705 0 0
  122 8.51715 0 0
  123 8.58725 0 0
  124 8.65735 0 0
  125 8.72745 0 0
  126 8.79755 0 0
  127 8.86765 0 0
  128 8.93775 0 0
  129 9.00785 0 0
  130 9.07795 0 0
  131 9.14805 0 0
  132 9.21815 0 0
  133 9.28825 0 0
  134 9.35835 0 0
  135 9.42845 0 0
  136 9.49855 0 0
  137 9.56865 0 0
  138 9.63875 0 0
  139 9.70885 0 0
  140 9.77895 0 0
  141 9.84905 0 0
  142 9.91915 0 0
  143 9.98925 0 0
  144 10.0594 0 0
  145 10.1294 0 0
  146 10.1995 0 0
  147 10.2696 0 0
  148 10.3397 0 0
  149 10.4098 0 0
  150 10.4799 0 0
  151 10.55 0 0
  152 10.6201 0 0
  153 10.6902 0 0
  154 10.7603 0 0
  155 10.8304 0 0
  156 10.9005 0 0
  157 10.9706 0 0
  158 11.0407 0 0
  159 11.1108 0 0
  160 11.1809 0 0
  161 11.251 0 0
  162 11.3211 0 0
  163 11.3912 0 0
  164 11.4613 0 0
  165 11.5314 0 0
  166 11.6015 0 0
  167 11.6716 0 0
  168 11.7417 0 0
  169 11.8118 0 0
  170 11.8819 0 0
  171 11.952 0 0
  172 12.0221 0 0
  173 12.0922 0 0
  174 12.1623 0 0
  175 12.2325 0 0
  176 12.3026 0 0
  177 12.3726 0 0
  178 12.4427 0 0
  179 12.5128 0 0
  180 12.5829 0 0
  181 12.653 0 0
  182 12.7231 0 0
  183 12.7932 0 0
  184 12.8633 0 0
  185 12.9334 0 0
  186 13.0035 0 0
  187 13.0736 0 0
  188 13.1437 0 0
  189 13.2138 0 0
  190 13.2839 0 0
  191 13.354 0 0
  192 13.4241 0 0
  193 13.4942 0 0
  194 13.5643 0 0
  195 13.6344 0 0
  196 13.7045 0 0
  197 13.7746 0 0
  198 13.8447 0 0
  199 13.9148 0 0
  200 13.9849 0 0
  201 14.055 0 0
  202 14.1251 0 0
  203 14.1952 0 0
  204 14.2653 0 0
  205 14.3354 0 0
  206 14.4055 0 0
  207 14.4756 0 0
  208 14.5457 0 0
  209 14.6158 0 0
  210 14.6859 0 0
  211 14.756 0 0
  212 14.8261 0 0
  213 14.8962 0 0
  214 14.9663 0 0
  215 15.0364 0 0
  216 15.1065 0 0
  217 15.1766 0 0
  218 15.2467 0 0
  219 15.3168 0 0
  220 15.3869 0 0
  221 15.457 0 0
  222 15.5271 0 0
  223 15.5972 0 0
  224 15.6673 0 0
  225 15.7374 0 0
  226 15.8075 0 0
  227 15.8776 0 0
  228 15.9477 0 0
  229 16.0178 0 0
  230 16.0879 0 0
  231 16.158 0 0
  232 16.2281 0 0
  233 16.2982 0 0
  234 16.3683 0 0
  235 16.4384 0 0
  236 16.5085 0 0
  237 16.5786 0 0
  238 16.6487 0 0
  239 16.7188 0 0
  240 16.7889 0 0
  241 16.859 0 0
  242 16.9291 0 0
  243 16.9992 0 0
  244 17.0694 0 0
  245 17.1395 0 0
  246 17.2096 0 0
  247 17.2797 0 0
  248 17.3498 0 0
  249 17.4199 0 0
  250 17.49 0 0
  251 17.5601 0 0
  252 17.6302 0 0
  253 17.7003 0 0
  254 17.7704 0 0
  255 17.8405 0 0
  256 17.9106 0 0
  257 17.9806 0 0
  258 18.0507 0 0
  259 18.1208 0 0
  260 18.1909 0 0
  261 18.261 0 0
  262 18.3311 0 0
  263 18.4012 0 0
  264 18.4713 0 0
  265 18.5414 0 0
  266 18.6115 0 0
  267 18.6816 0 0
  268 18.7517 0 0
  269 18.8218 0 0
  270 18.8919 0 0
  271 18.962 0 0
  272 19.0321 0 0
  273 19.1022 0 0
  274 19.1723 0 0
  275 19.2424 0 0
  276 19.3125 0 0
  277 19.3826 0 0
  278 19.4527 0 0
  279 19.5228 0 0
  280 19.5929 0 0
  281 19.663 0 0
  282 19.7331 0 0
  283 19.8032 0 0
  284 19.8733 0 0
  285 19.9434 0 0
  286 20.0135 0 0
  287 20.0836 0 0
  288 20.1537 0 0
  289 20.2238 0 0
  290 20.2939 0 0
  291 20.364 0 0
  292 20.4341 0 0
  293 20.5042 0 0
  294 20.5743 0 0
  295 20.6444 0 0
  296 20.7145 0 0
  297 20.7846 0 0
  298 20.8547 0 0
  299 20.9248 0 0
  300 20.9949 0 0
  301 21.065 0 0
  302 21.1351 0 0
  303 21.2052 0 0
  304 21.2753 0 0
  305 21.3454 0 0
  306 21.4155 0 0
  307 21.4856 0 0
  308 21.5557 0 0
  309 21.6258 0 0
  310 21.6959 0 0
  311 21.766 0 0
  312 21.8361 0 0
  313 21.9062 0 0
  314 21.9764 0 0
  315 22.0465 0 0
  316 22.1166 0 0
  317 22.1867 0 0
  318 22.2568 0 0
  319 22.3269 0 0
  320 22.397 0 0
  321 22.467 0 0
  322 22.5371 0 0
  323 22.6072 0 0
  324 22.6773 0 0
  325 22.7474 0 0
  326 22.8175 0 0
  327 22.8876 0 0
  328 22.9577 0 0
  329 23.0278 0 0
  330 23.0979 0 0
  331 23.168 0 0
  332 23.2381 0 0
  333 23.3082 0 0
  334 23.3783 0 0
  335 23.4484 0 0
  336 23.5185 0 0
  337 23.5886 0 0
  338 23.6587 0 0
  339 23.7288 0 0
  340 23.7989 0 0
  341 23.869 0 0
  342 23.9391 0 0
  343 24.0092 0 0
  344 24.0793 0 0
  345 24.1494 0 0
  346 24.2195 0 0
  347 24.2896 0 0
  348 24.3597 0 0
  349 24.4298 0 0
  350 24.4999 0 0
  351 24.57 0 0
  352 24.6401 0 0
  353 24.7102 0 0
  354 24.7803 0 0
  355 24.8504 0 0
  356 24.9205 0 0
  357 24.9906 0 0
  358 25.0607 0 0
  359 25.1308 0 0
  360 25.2009 0 0
  361 25.271 0 0
  362 25.3411 0 0
  363 25.4112 0 0
  364 25.4813 0 0
  365 25.5514 0 0
  366 25.6215 0 0
  367 25.6916 0 0
  368 25.7617 0 0
  369 25.8318 0 0
  370 25.9019 0 0
  371 25.972 0 0
  372 26.0421 0 0
  373 26.1122 0 0
  374 26.1823 0 0
  375 26.2524 0 0
  376 26.3225 0 0
  377 26.3926 0 0
  378 26.4627 0 0
  379 26.5328 0 0
  380 26.6029 0 0
  381 26.673 0 0
  382 26.7431 0 0
  383 26.8133 0 0
  384 26.8834 0 0
  385 26.9534 0 0
  386 27.0235 0 0
  387 27.0936 0 0
  388 27.1637 0 0
  389 27.2338 0 0
  390 27.3039 0 0
  391 27.374 0 0
  392 27.4441 0 0
  393 27.5142 0 0
  394 27.5843 0 0
  395 27.6544 0 0
  396 27.7245 0 0
  397 27.7946 0 0
  398 27.8647 0 0
  399 27.9348 0 0
  400 28.0049 0 0
  401 28.075 0 0
  402 28.1451 0 0
  403 28.2152 0 0
  404 28.2853 0 0
  405 28.3554 0 0
  406 28.4255 0 0
  407 28.4956 0 0
  408 28.5657 0 0
  409 28.6358 0 0
  410 28.7059 0 0
  411 28.776 0 0
  412 28.8461 0 0
  413 28.9162 0 0
  414 28.9863 0 0
  415 29.0564 0 0
  416 29.1265 0 0
  417 29.1966 0 0
  418 29.2667 0 0
  419 29.3368 0 0
  420 29.4069 0 0
  421 29.477 0 0
  422 29.5471 0 0
  423 29.6172 0 0
  424 29.6873 0 0
  425 29.7574 0 0
  426 29.8275 0 0
  427 29.8976 0 0
  428 29.9677 0 0
  429 30.0378 0 0
  430 30.1079 0 0
  431 30.178 0 0
  432 30.2481 0 0
  433 30.3182 0 0
  434 30.3883 0 0
  435 30.4584 0 0
  436 30.5285 0 0
  437 30.5986 0 0
  438 30.6687 0 0
  439 30.7388 0 0
  440 30.8089 0 0
  441 30.879 0 0
  442 30.9491 0 0
  443 31.0192 0 0
  444 31.0893 0 0
  445 31.1594 0 0
  446 31.2295 0 0
  447 31.2996 0 0
  448 31.3697 0 0
  449 31.4398 0 0
  450 31.5099 0 0
  451 31.58 0 0
  452 31.6501 0 0
  453 31.7202 0 0
  454 31.7903 0 0
  455 31.8604 0 0
  456 31.9305 0 0
  457 32.0007 0 0
  458 32.0707 0 0
  459 32.1409 0 0
  460 32.2109 0 0
  461 32.2811 0 0
  462 32.3511 0 0
  463 32.4213 0 0
  464 32.4913 0 0
  465 32.5615 0 0
  466 32.6315 0 0
  467 32.7017 0 0
  468 32.7717 0 0
  469 32.8419 0 0
  470 32.9119 0 0
  471 32.9821 0 0
  472 33.0521 0 0
  473 33.1223 0 0
  474 33.1923 0 0
  475 33.2625 0 0
  476 33.3325 0 0
  477 33.4027 0 0
  478 33.4727 0 0
  479 33.5429 0 0
  480 33.6129 0 0
  481 33.683 0 0
  482 33.7531 0 0
  483 33.8232 0 0
  484 33.8933 0 0
  485 33.9634 0 0
  486 34.0335 0 0
  487 34.1036 0 0
  488 34.1737 0 0
  489 34.2438 0 0
  490 34.3139 0 0
  491 34.384 0 0
  492 34.4541 0 0
  493 34.5242 0 0
  494 34.5943 0 0
  495 34.6644 0 0
  496 34.7345 0 0
  497 34.8046 0 0
  498 34.8747 0 0
  499 34.9448 0 0
  500 35.0149 0 0
  501 35.085 0 0
  502 35.1551 0 0
  503 35.2252 0 0
  504 35.2953 0 0
  505 35.3654 0 0
  506 35.4355 0 0
  507 35.5056 0 0
  508 35.5757 0 0
  509 35.6458 0 0
  510 35.7159 0 0
  511 35.786 0 0
  512 35.8561 0 0
  513 35.9262 0 0
  514 35.9963 0 0
  515 36.0664 0 0
  516 36.1365 0 0
  517 36.2066 0 0
  518 36.2767 0 0
  519 36.3468 0 0
  520 36.4169 0 0
  521 36.487 0 0
  522 36.5572 0 0
  523 36.6272 0 0
  524 36.6974 0 0
  525 36.7674 0 0
  526 36.8376 0 0
  527 36.9076 0 0
  528 36.9778 0 0
  529 37.0478 0 0
  530 37.118 0 0
  531 37.188 0 0
  532 37.2582 0 0
  533 37.3282 0 0
  534 37.3984 0 0
  535 37.4684 0 0
  536 37.5386 0 0
  537 37.6086 0 0
  538 37.6788 0 0
  539 37.7488 0 0
  540 37.819 0 0
  541 37.889 0 0
  542 37.9592 0 0
  543 38.0292 0 0
  544 38.0994 0 0
  545 38.1694 0 0
  546 38.2395 0 0
  547 38.3096 0 0
  548 38.3797 0 0
  549 38.4498 0 0
  550 38.5199 0 0
  551 38.59 0 0
  552 38.6601 0 0
  553 38.7302 0 0
  554 38.8003 0 0
  555 38.8704 0 0
  556 38.9405 0 0
  557 39.0106 0 0
  558 39.0807 0 0
  559 39.1508 0 0
  560 39.2209 0 0
  561 39.291 0 0
  562 39.3611 0 0
  563 39.4312 0 0
  564 39.5013 0 0
  565 39.5714 0 0
  566 39.6415 0 0
  567 39.7116 0 0
  568 39.7817 0 0
  569 39.8518 0 0
  570 39.9219 0 0
  571 39.992 0 0
  572 40.0621 0 0
  573 40.1322 0 0
  574 40.2023 0 0
  575 40.2724 0 0
  576 40.3425 0 0
  577 40.4126 0 0
  578 40.4827 0 0
  579 40.5528 0 0
  580 40.6229 0 0
  581 40.693 0 0
  582 40.7631 0 0
  583 40.8332 0 0
  584 40.9033 0 0
  585 40.9734 0 0
  586 41.0435 0 0
  587 41.1136 0 0
  588 41.1837 0 0
  589 41.2538 0 0
  590 41.3239 0 0
  591 41.3941 0 0
  592 41.4641 0 0
  593 41.5343 0 0
  594 41.6043 0 0
  595 41.6745 0 0
  596 41.7445 0 0
  597 41.8147 0 0
  598 41.8847 0 0
  599 41.9549 0 0
  600 42.0249 0 0
  601 42.0951 0 0
  602 42.1651 0 0
  603 42.2353 0 0
  604 42.3053 0 0
  605 42.3755 0 0
  606 42.4455 0 0
  607 42.5157 0 0
  608 42.5857 0 0
  609 42.6558 0 0
  610 42.7259 0 0
  611 42.796 0 0
  612 42.8661 0 0
  613 42.9362 0 0
  614 43.0063 0 0
  615 43.0764 0 0
  616 43.1465 0 0
  617 43.2166 0 0
  618 43.2867 0 0
  619 43.3568 0 0
  620 43.4269 0 0
  621 43.497 0 0
  622 43.5671 0 0
  623 43.6372 0 0
  624 43.7073 0 0
  625 43.7774 0 0
  626 43.8475 0 0
  627 43.9176 0 0
  628 43.9877 0 0
  629 44.0578 0 0
  630 44.1279 0 0
  631 44.198 0 0
  632 44.2681 0 0
  633 44.3382 0 0
  634 44.4083 0 0
  635 44.4784 0 0
  636 44.5485 0 0
  637 44.6186 0 0
  638 44.6887 0 0
  639 44.7588 0 0
  640 44.8289 0 0
  641 44.899 0 0
  642 44.9691 0 0
  643 45.0392 0 0
  644 45.1093 0 0
  645 45.1794 0 0
  646 45.2495 0 0
  647 45.3196 0 0
  648 45.3897 0 0
  649 45.4598 0 0
  650 45.5299 0 0
  651 45.6 0 0
  652 45.6701 0 0
  653 45.7402 0 0
  654 45.8103 0 0
  655 45.8804 0 0
  656 45.9505 0 0
  657 46.0206 0 0
  658 46.0907 0 0
  659 46.1608 0 0
  660 46.2309 0 0
  661 46.301 0 0
  662 46.3712 0 0
  663 46.4412 0 0
  664 46.5114 0 0
  665 46.5814 0 0
  666 46.6516 0 0
  667 46.7216 0 0
  668 46.7918 0 0
  669 46.8618 0 0
  670 46.932 0 0
  671 47.002 0 0
  672 47.0722 0 0
  673 47.1422 0 0
  674 47.2123 0 0
  675 47.2824 0 0
  676 47.3525 0 0
  677 47.4226 0 0
  678 47.4927 0 0
  679 47.5628 0 0
  680 47.6329 0 0
  681 47.703 0 0
  682 47.7731 0 0
  683 47.8432 0 0
  684 47.9133 0 0
  685 47.9834 0 0
  686 48.0535 0 0
  687 48.1236 0 0
  688 48.1937 0 0
  689 48.2638 0 0
  690 48.3339 0 0
  691 48.404 0 0
  692 48.4741 0 0
  693 48.5442 0 0
  694 48.6143 0 0
  695 48.6844 0 0
  696 48.7545 0 0
  697 48.8246 0 0
  698 48.8947 0 0
  699 48.9648 0 0
  700 49.0349 0 0
  701 49.105 0 0
  702 49.1751 0 0
  703 49.2452 0 0
  704 49.3153 0 0
  705 49.3854 0 0
  706 49.4555 0 0
  707 49.5256 0 0
  708 49.5957 0 0
  709 49.6658 0 0
  710 49.7359 0 0
  711 49.806 0 0
  712 49.8761 0 0
  713 49.9462 0 0
  714 50.0163 0 0
  715 50.0864 0 0
  716 50.1565 0 0
  717 50.2266 0 0
  718 50.2967 0 0
  719 50.3668 0 0
  720 50.4369 0 0
  721 50.507 0 0
  722 50.5771 0 0
  723 50.6472 0 0
  724 50.7173 0 0
  725 50.7874 0 0
  726 50.8575 0 0
  727 50.9276 0 0
  728 50.9977 0 0
  729 51.0678 0 0
  730 51.1379 0 0
  731 51.2081 0 0
  732 51.2781 0 0
  733 51.3483 0 0
  734 51.4183 0 0
  735 51.4885 0 0
  736 51.5585 0 0
  737 51.6286 0 0
  738 51.6987 0 0
  739 51.7688 0 0
  740 51.8389 0 0
  741 51.909 0 0
  742 51.9791 0 0
  743 52.0492 0 0
  744 52.1193 0.0333333 0.000528346
  745 52.1894 0.0333333 0.000528346
  746 52.2595 0.0333333 0.000528346
  747 52.3296 0.166667 0.00264173
  748 52.3997 0.333333 0.00528346
  749 52.4698 0.366667 0.0058118
  750 52.5399 0.566667 0.00898188
  751 52.61 0.7 0.0110953
  752 52.6801 1.36667 0.0216622
  753 52.7502 1.36667 0.0216622
  754 52.8203 1.63333 0.0258889
  755 52.8904 2.13333 0.0338141
  756 52.9605 2.03333 0.0322291
  757 53.0306 2.53333 0.0401543
  758 53.1007 2 0.0317007
  759 53.1708 2.4 0.0380409
  760 53.2409 3 0.0475511
  761 53.311 3.13333 0.0496645
  762 53.3811 3.5 0.0554763
  763 53.4512 3.46667 0.054948
  764 53.5213 4.26667 0.0676283
  765 53.5914 5.1 0.0808369
  766 53.6615 4.13333 0.0655149
  767 53.7316 4.6 0.0729117
  768 53.8017 5.33333 0.0845353
  769 53.8718 7.06667 0.112009
  770 53.9419 7.1 0.112538
  771 54.012 7.26667 0.115179
  772 54.0821 7 0.110953
  773 54.1522 7.96667 0.126275
  774 54.2223 7.76667 0.123105
  775 54.2924 8.13333 0.128916
  776 54.3625 8.56667 0.135785
  777 54.4326 9.2 0.145823
  778 54.5027 10.2333 0.162202
  779 54.5728 10.3 0.163259
  780 54.6429 10.4 0.164844
  781 54.713 10.4667 0.165901
  782 54.7831 11.7333 0.185978
  783 54.8532 11.1 0.175939
  784 54.9233 11.8333 0.187563
  785 54.9934 10.9333 0.173297
  786 55.0635 11.2333 0.178053
  787 55.1336 11.4 0.180694
  788 55.2037 11.2 0.177524
  789 55.2738 11.6667 0.184921
  790 55.3439 11.6333 0.184393
  791 55.414 12.9333 0.204998
  792 55.4841 11.9 0.188619
  793 55.5542 13.2333 0.209753
  794 55.6243 12.4667 0.197601
  795 55.6944 10.6667 0.169071
  796 55.7645 11.5333 0.182808
  797 55.8346 11.3333 0.179638
  798 55.9047 11.9 0.188619
  799 55.9748 11.4667 0.181751
  800 56.045 11.8667 0.188091
  801 56.115 10.6333 0.168542
  802 56.1851 11.3333 0.179638
  803 56.2552 11.1333 0.176467
  804 56.3253 11.5 0.182279
  805 56.3954 10.5667 0.167486
  806 56.4655 11.7 0.185449
  807 56.5356 11.4333 0.181223
  808 56.6057 9.9 0.156919
  809 56.6758 10.4 0.164844
  810 56.7459 9.83333 0.155862
  811 56.816 10.5667 0.167486
  812 56.8861 10.6333 0.168542
  813 56.9562 9.96667 0.157975
  814 57.0263 9.7 0.153749
  815 57.0964 10.0333 0.159032
  816 57.1665 9.43333 0.149522
  817 57.2366 10.2333 0.162202
  818 57.3067 9.63333 0.152692
  819 57.3768 9.66667 0.15322
  820 57.4469 9.03333 0.143182
  821 57.517 9.46667 0.15005
  822 57.5871 9.4 0.148994
  823 57.6572 9.9 0.156919
  824 57.7273 9.06667 0.14371
  825 57.7974 9.26667 0.14688
  826 57.8675 10.1667 0.161145
  827 57.9376 9.46667 0.15005
  828 58.0077 8.9 0.141068
  829 58.0778 9 0.142653
  830 58.1479 8.6 0.136313
  831 58.218 9.63333 0.152692
  832 58.2881 9.96667 0.157975
  833 58.3582 9.33333 0.147937
  834 58.4283 8.73333 0.138427
  835 58.4984 9.2 0.145823
  836 58.5685 8.93333 0.141597
  837 58.6386 9.1 0.144238
  838 58.7087 9.4 0.148994
  839 58.7788 9.2 0.145823
  840 58.8489 9.13333 0.144767
  841 58.919 9.53333 0.151107
  842 58.9891 8.1 0.128388
  843 59.0592 8.33333 0.132086
  844 59.1293 9.26667 0.14688
  845 59.1994 8.2 0.129973
  846 59.2695 8.63333 0.136842
  847 59.3396 9.63333 0.152692
  848 59.4097 9.7 0.153749
  849 59.4798 9.1 0.144238
  850 59.5499 9.1 0.144238
  851 59.62 8.73333 0.138427
  852 59.6901 8.4 0.133143
  853 59.7602 7.76667 0.123105
  854 59.8303 8.9 0.141068
  855 59.9004 9.46667 0.15005
  856 59.9705 9.13333 0.144767
  857 60.0406 8.43333 0.133671
  858 60.1107 8.03333 0.127331
  859 60.1808 8.46667 0.1342
  860 60.2509 8.93333 0.141597
  861 60.321 9.06667 0.14371
  862 60.3911 8.83333 0.140012
  863 60.4612 7.9 0.125218
  864 60.5313 8.33333 0.132086
  865 60.6014 8.46667 0.1342
  866 60.6715 8.6 0.136313
  867 60.7416 8.56667 0.135785
  868 60.8117 8.06667 0.12786
  869 60.8818 9.5 0.150579
  870 60.9519 7.93333 0.125746
  871 61.022 9.16667 0.145295
  872 61.0921 9 0.142653
  873 61.1622 7.6 0.120463
  874 61.2323 7.9 0.125218
  875 61.3024 8.73333 0.138427
  876 61.3725 8.43333 0.133671
  877 61.4426 8.46667 0.1342
  878 61.5127 9.16667 0.145295
  879 61.5828 9.23333 0.146352
  880 61.6529 8.1 0.128388
  881 61.723 7.33333 0.116236
  882 61.7931 7.56667 0.119934
  883 61.8632 8.56667 0.135785
  884 61.9333 8.56667 0.135785
  885 62.0034 9.3 0.147408
  886 62.0735 8.9 0.141068
  887 62.1436 8.66667 0.13737
  888 62.2137 7.7 0.122048
  889 62.2838 8.36667 0.132615
  890 62.3539 7.86667 0.12469
  891 62.424 7.8 0.123633
  892 62.4941 8.93333 0.141597
  893 62.5642 10 0.158504
  894 62.6343 8.43333 0.133671
  895 62.7044 7.96667 0.126275
  896 62.7745 7 0.110953
  897 62.8446 7.76667 0.123105
  898 62.9147 8.4 0.133143
  899 62.9848 9.96667 0.157975
  900 63.0549 8.83333 0.140012
  901 63.125 8.43333 0.133671
  902 63.1951 7.6 0.120463
  903 63.2652 7.6 0.120463
  904 63.3353 8.16667 0.129445
  905 63.4054 9.1 0.144238
  906 63.4755 9 0.142653
  907 63.5456 10.3 0.163259
  908 63.6157 7.83333 0.124161
  909 63.6858 7.53333 0.119406
  910 63.7559 7.06667 0.112009
  911 63.826 7 0.110953
  912 63.8961 8.7 0.137898
  913 63.9662 9.86667 0.15639
  914 64.0363 10.1 0.160089
  915 64.1064 8.66667 0.13737
  916 64.1765 7.86667 0.12469
  917 64.2467 6.5 0.103027
  918 64.3167 7 0.110953
  919 64.3868 7.43333 0.117821
  920 64.4569 10.1333 0.160617
  921 64.5271 10.6667 0.169071
  922 64.5971 9.4 0.148994
  923 64.6672 8.13333 0.128916
  924 64.7373 6.33333 0.100386
  925 64.8075 6.6 0.104612
  926 64.8775 7.76667 0.123105
  927 64.9476 8.66667 0.13737
  928 65.0177 10.8333 0.171712
  929 65.0878 10.4667 0.165901
  930 65.1579 8.6 0.136313
  931 65.228 5.96667 0.0945739
  932 65.2981 5.7 0.0903471
  933 65.3682 6.8 0.107783
  934 65.4383 9.3 0.147408
  935 65.5084 11.1 0.175939
  936 65.5785 11.4 0.180694
  937 65.6486 10.1 0.160089
  938 65.7188 6.63333 0.105141
  939 65.7888 4.26667 0.0676283
  940 65.8589 4.73333 0.0750251
  941 65.929 7.96667 0.126275
  942 65.9992 10.7667 0.170656
  943 66.0692 13.3 0.21081
  944 66.1393 11.2 0.177524
  945 66.2094 6.76667 0.107254
  946 66.2796 3.8 0.0602314
  947 66.3496 3.53333 0.0560046
  948 66.4197 5.03333 0.0797802
  949 66.4898 12.2667 0.194431
  950 66.56 16.5 0.261531
  951 66.63 14.3333 0.227189
  952 66.7001 7 0.110953
  953 66.7702 2.43333 0.0385692
  954 66.8404 1.13333 0.0179638
  955 66.9104 3.36667 0.0533629
  956 66.9805 7.93333 0.125746
  957 67.0506 13.8333 0.219263
  958 67.1208 15.1667 0.240397
  959 67.1908 11.9667 0.189676
  960 67.2609 4.93333 0.0781952
  961 67.331 1.4 0.0221905
  962 67.4012 0.2 0.00317007
  963 67.4712 0 0
  964 67.5413 0 0
  965 67.6114 0 0
  966 67.6816 0 0
  967 67.7516 0 0
  968 67.8217 0 0
  969 67.8918 0 0
  970 67.962 0 0
  971 68.032 0 0
  972 68.1021 0 0
  973 68.1722 0 0
  974 68.2424 0 0
  975 68.3124 0 0
  976 68.3825 0 0
  977 68.4526 0 0
  978 68.5228 0 0
  979 68.5928 0 0
  980 68.6629 0 0
  981 68.733 0 0
  982 68.8032 0 0
  983 68.8732 0 0
  984 68.9433 0 0
  985 69.0134 0 0
  986 69.0836 0 0
  987 69.1536 0 0
  988 69.2237 0 0
  989 69.2938 0 0
  990 69.364 0 0
  991 69.434 0 0
  992 69.5041 0 0
  993 69.5742 0 0
  994 69.6443 0 0
  995 69.7144 0 0
  996 69.7845 0 0
  997 69.8546 0 0
  998 69.9247 0 0
  999 69.9948 0 0
  1000 70.0649 0 0
